39.832114002	116.34283119
39.832114	116.3428312
39.832113998	116.3428312
39.832113996	116.3428312
39.832113994	116.34283121
39.832113991	116.34283121
39.832113989	116.34283122
39.832113987	116.34283122
39.832113985	116.34283122
39.832113983	116.34283123
39.83211398	116.34283123
39.832113978	116.34283123
39.832113975	116.34283124
39.832113973	116.34283124
39.832113971	116.34283124
39.832113968	116.34283125
39.832114022	116.34283116
39.832114023	116.34283116
39.832114023	116.34283116
39.832114023	116.34283116
39.832114024	116.34283116
39.832114024	116.34283116
39.832114025	116.34283116
39.832114025	116.34283116
39.832114026	116.34283116
39.832114026	116.34283116
39.832114027	116.34283116
39.832114027	116.34283115
39.832114028	116.34283115
39.832114029	116.34283115
39.83211403	116.34283115
39.83211403	116.34283115
39.832114031	116.34283115
39.832114031	116.34283115
39.832114032	116.34283115
39.832114033	116.34283115
39.832114033	116.34283115
39.832114034	116.34283115
39.832114035	116.34283115
39.832114035	116.34283115
39.832114035	116.34283115
39.832114036	116.34283115
39.832114037	116.34283115
39.832114038	116.34283115
39.832114039	116.34283115
39.832114039	116.34283115
39.83211404	116.34283115
39.83211404	116.34283114
39.832114041	116.34283114
39.832114042	116.34283114
39.832114043	116.34283114
39.832114043	116.34283114
39.832114044	116.34283114
39.832114045	116.34283114
39.832114046	116.34283114
39.832114047	116.34283114
39.832114022	116.34283114
39.832114022	116.34283113
39.832114022	116.34283113
39.832114021	116.34283113
39.832114021	116.34283113
39.83211402	116.34283113
39.83211402	116.34283113
39.83211402	116.34283113
39.832114019	116.34283113
39.832114019	116.34283113
39.832114018	116.34283113
39.832114018	116.34283113
39.832114018	116.34283112
39.832114017	116.34283112
39.832114017	116.34283112
39.832114017	116.34283112
39.832114017	116.34283112
39.832114016	116.34283112
39.832114016	116.34283112
39.832114015	116.34283112
39.832114058	116.34283117
39.83211406	116.34283118
39.832114062	116.34283118
39.832114064	116.34283118
39.832114066	116.34283118
39.832114067	116.34283118
39.832114069	116.34283118
39.832114071	116.34283119
39.832114073	116.34283119
39.832114075	116.34283119
39.832114077	116.34283119
39.832114079	116.34283119
39.832114081	116.3428312
39.832114083	116.3428312
39.832114085	116.3428312
39.832114087	116.3428312
39.832114089	116.3428312
39.832114091	116.34283121
39.832114093	116.34283121
39.832114095	116.34283121
39.832114083	116.34283117
39.832114085	116.34283117
39.832114087	116.34283117
39.832114088	116.34283117
39.83211409	116.34283117
39.832114091	116.34283117
39.832114092	116.34283117
39.832114094	116.34283117
39.832114095	116.34283117
39.832114097	116.34283117
39.832114099	116.34283117
39.8321141	116.34283117
39.832114102	116.34283116
39.832114103	116.34283116
39.832114105	116.34283116
39.832114107	116.34283116
39.832114109	116.34283116
39.832114111	116.34283116
39.832114112	116.34283116
39.832114114	116.34283116
39.832114061	116.3428312
39.83211406	116.3428312
39.832114059	116.3428312
39.832114058	116.3428312
39.832114057	116.3428312
39.832114056	116.3428312
39.832114055	116.3428312
39.832114054	116.3428312
39.832114053	116.34283121
39.832114052	116.34283121
39.832114052	116.34283121
39.832114051	116.34283121
39.83211405	116.34283121
39.832114049	116.34283121
39.832114048	116.34283121
39.832114047	116.34283122
39.832114046	116.34283122
39.832114045	116.34283122
39.832114044	116.34283122
39.832114043	116.34283122
39.832114067	116.3428312
39.832114067	116.3428312
39.832114067	116.3428312
39.832114068	116.3428312
39.832114068	116.3428312
39.832114068	116.3428312
39.832114069	116.3428312
39.832114069	116.3428312
39.832114069	116.3428312
39.83211407	116.3428312
39.83211407	116.3428312
39.83211407	116.3428312
39.832114071	116.3428312
39.832114071	116.3428312
39.832114072	116.3428312
39.832114072	116.3428312
39.832114072	116.3428312
39.832114073	116.3428312
39.832114073	116.3428312
39.832114074	116.3428312
39.83211405	116.34283119
39.832114049	116.34283119
39.832114049	116.34283119
39.832114048	116.34283119
39.832114047	116.34283119
39.832114046	116.34283119
39.832114046	116.34283118
39.832114045	116.34283118
39.832114044	116.34283118
39.832114043	116.34283118
39.832114043	116.34283118
39.832114042	116.34283118
39.832114041	116.34283118
39.832114041	116.34283118
39.83211404	116.34283118
39.832114039	116.34283118
39.832114039	116.34283118
39.832114038	116.34283118
39.832114037	116.34283118
39.832114036	116.34283118
39.832114014	116.34283118
39.832114013	116.34283118
39.832114011	116.34283118
39.832114009	116.34283118
39.832114008	116.34283118
39.832114006	116.34283118
39.832114004	116.34283118
39.832114003	116.34283118
39.832114001	116.34283118
39.832113999	116.34283118
39.832113998	116.34283118
39.832113996	116.34283118
39.832113994	116.34283118
39.832113992	116.34283117
39.832113991	116.34283117
39.832113989	116.34283117
39.832113987	116.34283117
39.832113985	116.34283117
39.832113984	116.34283117
39.832113982	116.34283117
39.832114077	116.34283123
39.83211408	116.34283123
39.832114083	116.34283123
39.832114086	116.34283123
39.832114089	116.34283124
39.832114092	116.34283124
39.832114095	116.34283124
39.832114098	116.34283124
39.832114102	116.34283125
39.832114104	116.34283125
39.832114107	116.34283125
39.83211411	116.34283125
39.832114114	116.34283126
39.832114117	116.34283126
39.832114121	116.34283126
39.832114124	116.34283126
39.832114128	116.34283126
39.832114131	116.34283127
39.832114134	116.34283127
39.832114138	116.34283127
39.832114063	116.3428312
39.832114063	116.3428312
39.832114063	116.3428312
39.832114062	116.3428312
39.832114061	116.3428312
39.832114061	116.3428312
39.832114061	116.3428312
39.832114061	116.3428312
39.832114061	116.34283119
39.83211406	116.34283119
39.83211406	116.34283119
39.83211406	116.34283119
39.832114059	116.34283119
39.832114059	116.34283119
39.832114059	116.34283119
39.832114058	116.34283119
39.832114058	116.34283118
39.832114057	116.34283118
39.832114057	116.34283118
39.832114057	116.34283118
39.832114033	116.34283122
39.832114031	116.34283122
39.832114029	116.34283122
39.832114027	116.34283122
39.832114026	116.34283122
39.832114025	116.34283122
39.832114024	116.34283122
39.832114023	116.34283122
39.832114021	116.34283122
39.83211402	116.34283122
39.832114019	116.34283123
39.832114018	116.34283123
39.832114016	116.34283123
39.832114013	116.34283123
39.832114012	116.34283123
39.832114011	116.34283123
39.83211401	116.34283123
39.832114009	116.34283123
39.832114007	116.34283123
39.832114005	116.34283123
39.832114049	116.3428312
39.832114049	116.34283119
39.83211405	116.34283119
39.832114052	116.34283119
39.832114052	116.34283119
39.832114053	116.34283119
39.832114053	116.34283119
39.832114054	116.34283119
39.832114054	116.34283119
39.832114055	116.34283119
39.832114057	116.34283119
39.832114058	116.34283118
39.832114059	116.34283118
39.83211406	116.34283118
39.83211406	116.34283118
39.832114061	116.34283118
39.832114062	116.34283118
39.832114063	116.34283118
39.832114064	116.34283118
39.832114065	116.34283118
39.832114071	116.34283121
39.832114071	116.34283121
39.832114072	116.34283121
39.832114073	116.34283121
39.832114074	116.34283121
39.832114076	116.34283121
39.832114077	116.34283121
39.832114078	116.34283121
39.832114079	116.34283121
39.832114081	116.34283121
39.832114082	116.34283121
39.832114084	116.34283121
39.832114085	116.34283122
39.832114087	116.34283122
39.832114088	116.34283122
39.832114089	116.34283122
39.832114091	116.34283122
39.832114092	116.34283122
39.832114094	116.34283122
39.832114095	116.34283122
39.832114085	116.3428312
39.832114086	116.3428312
39.832114086	116.3428312
39.832114087	116.34283119
39.832114088	116.34283119
39.832114088	116.34283119
39.832114089	116.34283119
39.83211409	116.34283119
39.832114091	116.34283119
39.832114093	116.34283119
39.832114094	116.34283119
39.832114095	116.34283119
39.832114096	116.34283119
39.832114096	116.34283119
39.832114096	116.34283119
39.832114097	116.34283119
39.832114099	116.34283119
39.8321141	116.34283119
39.832114102	116.34283118
39.832114103	116.34283118
39.832114098	116.3428312
39.832114098	116.3428312
39.832114098	116.3428312
39.832114099	116.3428312
39.832114101	116.3428312
39.832114102	116.3428312
39.832114103	116.3428312
39.832114104	116.3428312
39.832114104	116.3428312
39.832114105	116.3428312
39.832114106	116.3428312
39.832114107	116.3428312
39.832114108	116.3428312
39.832114109	116.34283119
39.832114109	116.34283119
39.832114109	116.34283119
39.83211411	116.34283119
39.83211411	116.34283119
39.832114112	116.34283119
39.832114113	116.34283119
39.832114027	116.34283115
39.832114024	116.34283115
39.83211402	116.34283115
39.832114016	116.34283115
39.832114013	116.34283115
39.83211401	116.34283114
39.832114006	116.34283114
39.832114003	116.34283114
39.832114	116.34283114
39.832113997	116.34283113
39.832113993	116.34283113
39.832113989	116.34283113
39.832113986	116.34283113
39.832113982	116.34283113
39.832113979	116.34283112
39.832113975	116.34283112
39.832113972	116.34283112
39.832113968	116.34283112
39.832113964	116.34283111
39.832113961	116.34283111
39.832114008	116.34283115
39.832114007	116.34283115
39.832114006	116.34283115
39.832114005	116.34283115
39.832114004	116.34283115
39.832114003	116.34283115
39.832114002	116.34283115
39.832114001	116.34283115
39.832114	116.34283115
39.832113999	116.34283115
39.832113998	116.34283115
39.832113997	116.34283115
39.832113996	116.34283114
39.832113995	116.34283114
39.832113994	116.34283114
39.832113993	116.34283114
39.832113992	116.34283114
39.832113991	116.34283114
39.83211399	116.34283114
39.832113989	116.34283114
39.832114074	116.34283112
39.832114077	116.34283112
39.83211408	116.34283112
39.832114083	116.34283111
39.832114086	116.34283111
39.83211409	116.34283111
39.832114093	116.34283111
39.832114096	116.34283111
39.832114099	116.34283111
39.832114102	116.34283111
39.832114106	116.3428311
39.83211411	116.3428311
39.832114113	116.3428311
39.832114117	116.3428311
39.83211412	116.3428311
39.832114124	116.3428311
39.832114127	116.34283109
39.832114131	116.34283109
39.832114135	116.34283109
39.832114139	116.34283109
39.832114077	116.34283114
39.832114077	116.34283114
39.832114077	116.34283114
39.832114078	116.34283114
39.832114078	116.34283115
39.832114079	116.34283115
39.83211408	116.34283115
39.83211408	116.34283115
39.83211408	116.34283115
39.832114081	116.34283115
39.832114081	116.34283115
39.832114082	116.34283115
39.832114083	116.34283115
39.832114083	116.34283116
39.832114084	116.34283116
39.832114084	116.34283116
39.832114085	116.34283116
39.832114085	116.34283116
39.832114086	116.34283116
39.832114087	116.34283116
39.832113997	116.34283115
39.832113993	116.34283115
39.832113989	116.34283115
39.832113985	116.34283115
39.832113981	116.34283115
39.832113978	116.34283115
39.832113975	116.34283115
39.832113971	116.34283115
39.832113966	116.34283115
39.832113962	116.34283115
39.832113958	116.34283115
39.832113954	116.34283115
39.832113951	116.34283115
39.832113947	116.34283115
39.832113943	116.34283115
39.832113939	116.34283115
39.832113934	116.34283115
39.83211393	116.34283115
39.832113926	116.34283115
39.832113922	116.34283115
39.83211398	116.34283114
39.832113979	116.34283114
39.832113977	116.34283114
39.832113976	116.34283114
39.832113975	116.34283114
39.832113974	116.34283114
39.832113974	116.34283114
39.832113973	116.34283114
39.832113972	116.34283114
39.832113971	116.34283113
39.832113969	116.34283113
39.832113968	116.34283113
39.832113968	116.34283113
39.832113967	116.34283113
39.832113966	116.34283113
39.832113965	116.34283113
39.832113964	116.34283113
39.832113963	116.34283113
39.832113962	116.34283113
39.832113961	116.34283113
39.832113992	116.34283118
39.832113993	116.34283118
39.832113993	116.34283119
39.832113994	116.34283119
39.832113994	116.34283119
39.832113995	116.34283119
39.832113996	116.3428312
39.832113997	116.3428312
39.832113997	116.3428312
39.832113998	116.3428312
39.832113999	116.3428312
39.832114	116.34283121
39.832114001	116.34283121
39.832114001	116.34283121
39.832114002	116.34283121
39.832114003	116.34283122
39.832114004	116.34283122
39.832114005	116.34283122
39.832114006	116.34283122
39.832114007	116.34283122
39.832114017	116.3428312
39.832114018	116.3428312
39.83211402	116.3428312
39.832114021	116.3428312
39.832114022	116.34283121
39.832114024	116.34283121
39.832114025	116.34283121
39.832114027	116.34283121
39.832114028	116.34283121
39.83211403	116.34283121
39.832114031	116.34283121
39.832114033	116.34283121
39.832114034	116.34283121
39.832114036	116.34283122
39.832114038	116.34283122
39.832114039	116.34283122
39.832114041	116.34283122
39.832114042	116.34283122
39.832114044	116.34283122
39.832114046	116.34283122
39.832114001	116.34283115
39.832114	116.34283115
39.832113999	116.34283114
39.832113999	116.34283114
39.832113998	116.34283114
39.832113998	116.34283114
39.832113997	116.34283113
39.832113997	116.34283113
39.832113996	116.34283113
39.832113996	116.34283113
39.832113995	116.34283112
39.832113995	116.34283112
39.832113994	116.34283112
39.832113994	116.34283112
39.832113993	116.34283111
39.832113993	116.34283111
39.832113992	116.34283111
39.832113992	116.3428311
39.832113991	116.3428311
39.832113991	116.3428311
39.832114018	116.34283114
39.832114019	116.34283114
39.83211402	116.34283114
39.832114021	116.34283114
39.832114022	116.34283114
39.832114022	116.34283114
39.832114023	116.34283113
39.832114024	116.34283113
39.832114025	116.34283113
39.832114026	116.34283113
39.832114027	116.34283113
39.832114028	116.34283113
39.832114029	116.34283113
39.83211403	116.34283113
39.832114031	116.34283113
39.832114032	116.34283113
39.832114033	116.34283113
39.832114034	116.34283113
39.832114035	116.34283113
39.832114036	116.34283112
39.832114036	116.34283113
39.832114037	116.34283113
39.832114038	116.34283113
39.832114038	116.34283113
39.832114039	116.34283113
39.83211404	116.34283113
39.832114042	116.34283113
39.832114043	116.34283113
39.832114044	116.34283113
39.832114045	116.34283113
39.832114046	116.34283113
39.832114047	116.34283113
39.832114048	116.34283113
39.832114049	116.34283113
39.83211405	116.34283113
39.832114051	116.34283113
39.832114053	116.34283113
39.832114054	116.34283113
39.832114055	116.34283113
39.832114056	116.34283113
39.832114027	116.34283115
39.832114027	116.34283115
39.832114026	116.34283115
39.832114026	116.34283115
39.832114026	116.34283115
39.832114026	116.34283115
39.832114026	116.34283115
39.832114025	116.34283115
39.832114025	116.34283115
39.832114025	116.34283115
39.832114025	116.34283115
39.832114025	116.34283115
39.832114025	116.34283116
39.832114025	116.34283116
39.832114024	116.34283116
39.832114023	116.34283116
39.832114023	116.34283116
39.832114023	116.34283116
39.832114023	116.34283116
39.832114024	116.34283116
39.832114009	116.34283113
39.832114008	116.34283113
39.832114007	116.34283113
39.832114005	116.34283113
39.832114005	116.34283113
39.832114004	116.34283113
39.832114003	116.34283113
39.832114003	116.34283113
39.832114002	116.34283113
39.832114001	116.34283113
39.832114	116.34283113
39.832113999	116.34283113
39.832113998	116.34283113
39.832113998	116.34283113
39.832113997	116.34283113
39.832113996	116.34283113
39.832113995	116.34283112
39.832113994	116.34283112
39.832113992	116.34283112
39.832113992	116.34283112
39.832114028	116.34283111
39.83211403	116.34283111
39.832114031	116.34283111
39.832114032	116.34283111
39.832114033	116.3428311
39.832114033	116.3428311
39.832114034	116.3428311
39.832114034	116.3428311
39.832114035	116.3428311
39.832114037	116.3428311
39.832114038	116.3428311
39.83211404	116.3428311
39.832114041	116.34283109
39.832114043	116.34283109
39.832114043	116.34283109
39.832114044	116.34283109
39.832114045	116.34283109
39.832114046	116.34283109
39.832114047	116.34283109
39.832114049	116.34283108
39.832114047	116.34283115
39.832114047	116.34283115
39.832114048	116.34283115
39.832114048	116.34283115
39.832114049	116.34283115
39.832114051	116.34283115
39.832114053	116.34283116
39.832114054	116.34283116
39.832114054	116.34283116
39.832114055	116.34283116
39.832114055	116.34283116
39.832114056	116.34283117
39.832114058	116.34283117
39.832114059	116.34283117
39.83211406	116.34283117
39.832114061	116.34283117
39.832114062	116.34283117
39.832114063	116.34283118
39.832114064	116.34283118
39.832114065	116.34283118
39.832114087	116.34283113
39.832114089	116.34283113
39.832114091	116.34283113
39.832114094	116.34283113
39.832114096	116.34283113
39.832114098	116.34283113
39.8321141	116.34283113
39.832114102	116.34283113
39.832114104	116.34283113
39.832114107	116.34283112
39.832114109	116.34283112
39.832114112	116.34283112
39.832114114	116.34283112
39.832114115	116.34283112
39.832114118	116.34283112
39.83211412	116.34283113
39.832114123	116.34283114
39.832114125	116.34283115
39.832114128	116.34283117
39.83211413	116.34283119
39.832114038	116.34283121
39.832114036	116.34283123
39.832114033	116.34283125
39.83211403	116.34283128
39.832114027	116.34283131
39.832114025	116.34283135
39.832114023	116.34283138
39.83211402	116.34283143
39.832114018	116.34283148
39.832114015	116.34283153
39.832114012	116.34283158
39.832114009	116.34283165
39.832114006	116.34283172
39.832114003	116.3428318
39.832114	116.34283189
39.832113998	116.34283199
39.832113995	116.3428321
39.832113993	116.34283223
39.83211399	116.34283237
39.832113987	116.34283253
39.832114011	116.34283275
39.832114008	116.34283295
39.832114005	116.34283317
39.832114002	116.34283342
39.832113998	116.34283369
39.832113992	116.34283399
39.832113985	116.34283432
39.832113976	116.34283468
39.832113966	116.34283507
39.832113953	116.34283549
39.832113942	116.34283595
39.832113933	116.34283645
39.832113923	116.34283698
39.832113913	116.34283755
39.832113901	116.34283817
39.832113889	116.34283883
39.832113873	116.34283954
39.832113853	116.34284028
39.83211383	116.34284102
39.832113808	116.34284181
39.832113815	116.34284274
39.832113798	116.34284368
39.832113784	116.34284466
39.832113772	116.34284567
39.832113757	116.34284672
39.832113738	116.34284782
39.832113715	116.34284896
39.832113682	116.34285017
39.832113643	116.34285145
39.832113601	116.34285278
39.832113559	116.34285412
39.832113513	116.3428555
39.832113473	116.34285692
39.832113432	116.3428584
39.832113396	116.34285999
39.832113363	116.34286157
39.832113331	116.34286313
39.832113302	116.34286472
39.832113268	116.34286642
39.832113222	116.3428682
39.832113124	116.34286981
39.832113067	116.34287154
39.832113012	116.34287331
39.832112966	116.34287516
39.832112935	116.34287707
39.832112909	116.34287903
39.832112869	116.34288095
39.832112833	116.34288286
39.83211278	116.34288483
39.832112717	116.34288688
39.832112645	116.34288898
39.832112579	116.34289103
39.832112527	116.34289304
39.832112495	116.34289509
39.83211246	116.34289725
39.832112419	116.34289941
39.832112365	116.34290157
39.832112303	116.34290368
39.83211224	116.34290582
39.832112188	116.342908
39.83211222	116.34291029
39.832112199	116.34291254
39.832112184	116.3429148
39.832112162	116.342917
39.832112136	116.34291924
39.832112107	116.3429215
39.832112071	116.34292377
39.832112047	116.342926
39.832112033	116.34292823
39.832112028	116.34293046
39.832112019	116.34293268
39.83211201	116.34293492
39.832112006	116.34293714
39.832112001	116.34293934
39.832111999	116.34294156
39.832112008	116.34294378
39.832112015	116.34294597
39.832112031	116.34294812
39.832112039	116.34295028
39.832112048	116.34295246
39.832112059	116.34295461
39.832112078	116.34295676
39.832112103	116.34295887
39.83211213	116.34296103
39.832112157	116.34296318
39.832112186	116.34296529
39.832112208	116.34296734
39.832112226	116.34296941
39.832112244	116.34297153
39.832112266	116.34297368
39.83211229	116.34297579
39.832112305	116.34297788
39.832112323	116.34298
39.832112347	116.34298216
39.832112363	116.34298433
39.832112377	116.34298648
39.83211239	116.34298858
39.832112408	116.34299071
39.832112431	116.34299287
39.832112444	116.34299504
39.832112459	116.34299713
39.832112473	116.3429992
39.832112479	116.3430013
39.832112482	116.34300344
39.832112487	116.34300557
39.832112493	116.34300766
39.832112513	116.34300972
39.832112537	116.34301183
39.832112571	116.34301393
39.832112584	116.34301599
39.832112588	116.34301802
39.832112593	116.34302005
39.832112601	116.34302208
39.832112614	116.34302413
39.832112637	116.34302616
39.832112672	116.34302819
39.832112705	116.34303014
39.832112725	116.34303209
39.832112735	116.3430341
39.832112747	116.34303611
39.832112725	116.34303808
39.832112745	116.34303999
39.832112765	116.34304194
39.832112801	116.34304393
39.832112835	116.34304594
39.832112862	116.34304787
39.832112884	116.34304978
39.832112907	116.34305169
39.83211293	116.34305365
39.832112956	116.34305558
39.832112978	116.34305749
39.832112988	116.34305935
39.83211302	116.3430612
39.832113049	116.34306312
39.832113065	116.34306503
39.832113076	116.34306691
39.832113083	116.3430687
39.832113107	116.34307047
39.832113142	116.34307241
39.832113167	116.34307435
39.832113068	116.34307637
39.832113098	116.34307808
39.832113148	116.34307976
39.832113189	116.34308168
39.83211323	116.34308361
39.832113278	116.34308549
39.832113323	116.34308719
39.832113364	116.34308885
39.832113406	116.34309076
39.832113492	116.3430927
39.832113564	116.34309456
39.83211363	116.34309619
39.832113642	116.34309765
39.832113655	116.34309922
39.832113691	116.34310098
39.832113709	116.34310282
39.832113722	116.34310457
39.83211376	116.3431062
39.832113833	116.34310776
39.832113953	116.34310936
39.832113949	116.34311125
39.832113983	116.34311312
39.832113958	116.34311503
39.832113882	116.34311676
39.83211381	116.34311828
39.832113809	116.34311963
39.832113807	116.34312141
39.832113826	116.34312316
39.832113849	116.34312469
39.832113875	116.34312619
39.832113885	116.34312771
39.832113891	116.34312931
39.832113915	116.34313096
39.832113939	116.34313251
39.832113951	116.34313395
39.83211397	116.3431354
39.832113995	116.34313695
39.832114011	116.34313853
39.832114017	116.34314004
39.832114023	116.34314145
39.832114336	116.3431433
39.832114375	116.34314482
39.832114418	116.3431464
39.832114486	116.34314791
39.832114562	116.34314927
39.832114618	116.3431506
39.832114672	116.34315202
39.832114724	116.34315357
39.83211476	116.34315509
39.832114779	116.34315651
39.832114797	116.34315784
39.832114819	116.3431592
39.83211485	116.34316061
39.832114896	116.34316205
39.832114952	116.34316343
39.83211502	116.34316473
39.832115101	116.34316609
39.832115165	116.34316749
39.832115218	116.34316884
39.832115269	116.34317013
39.832115311	116.34317132
39.832115335	116.34317262
39.832115369	116.34317392
39.832115408	116.34317519
39.832115449	116.34317643
39.832115493	116.34317769
39.832115536	116.34317897
39.832115567	116.34318023
39.832115587	116.34318146
39.832115597	116.34318265
39.83211561	116.34318386
39.832115623	116.34318509
39.83211564	116.34318632
39.832115669	116.34318751
39.832115706	116.34318869
39.832115759	116.34318986
39.832115822	116.34319104
39.832115878	116.3431922
39.832115918	116.34319335
39.832115941	116.34319451
39.832115924	116.34319546
39.832115907	116.34319663
39.832115884	116.34319778
39.83211588	116.34319887
39.832115897	116.34319991
39.832115924	116.34320095
39.832115959	116.34320202
39.832116003	116.34320312
39.832116046	116.34320415
39.832116085	116.34320511
39.832116127	116.34320604
39.832116178	116.343207
39.83211621	116.34320799
39.832116214	116.34320901
39.832116192	116.34320997
39.832116154	116.34321085
39.832116106	116.34321171
39.832116071	116.34321261
39.832116071	116.34321356
39.832116117	116.34321453
39.832116226	116.34321554
39.832116287	116.34321641
39.832116334	116.34321727
39.832116372	116.34321817
39.832116397	116.34321914
39.832116403	116.34322011
39.832116405	116.34322104
39.832116424	116.34322194
39.832116457	116.34322285
39.83211649	116.3432238
39.832116519	116.34322475
39.83211654	116.34322569
39.832116539	116.34322663
39.832116517	116.34322761
39.832116491	116.3432286
39.832116477	116.34322961
39.832116484	116.3432306
39.832116521	116.3432316
39.832116578	116.34323263
39.832116633	116.34323371
39.832116737	116.34323482
39.83211677	116.34323591
39.83211679	116.34323702
39.83211681	116.34323816
39.832116841	116.34323934
39.832116885	116.34324054
39.832116937	116.34324175
39.832116984	116.34324299
39.83211702	116.34324426
39.832117049	116.34324556
39.832117069	116.34324687
39.832117087	116.3432482
39.832117114	116.34324954
39.83211715	116.34325088
39.832117184	116.34325222
39.832117226	116.34325356
39.83211728	116.34325489
39.832117334	116.34325621
39.832117378	116.34325751
39.832117414	116.34325879
39.832117364	116.34326013
39.832117367	116.34326145
39.832117367	116.34326275
39.83211737	116.34326401
39.832117377	116.34326524
39.832117386	116.34326648
39.832117398	116.34326775
39.832117404	116.343269
39.832117399	116.34327019
39.832117395	116.34327135
39.832117387	116.34327256
39.832117366	116.34327378
39.832117332	116.34327498
39.832117289	116.34327614
39.832117236	116.34327728
39.832117173	116.34327844
39.832117107	116.34327962
39.832117043	116.34328077
39.832116969	116.34328189
39.832116876	116.343283
39.8321166	116.34328394
39.832116467	116.34328505
39.832116313	116.34328612
39.832116147	116.34328717
39.832115975	116.3432882
39.832115796	116.34328923
39.832115604	116.34329026
39.832115405	116.34329128
39.832115206	116.34329229
39.832115001	116.34329328
39.832114787	116.34329424
39.832114564	116.34329519
39.832114332	116.34329613
39.832114079	116.34329705
39.832113807	116.34329795
39.832113524	116.34329882
39.832113229	116.34329967
39.832112922	116.3433005
39.832112608	116.34330131
39.832112295	116.34330211
39.83211203	116.34330282
39.832111705	116.3433036
39.832111363	116.34330437
39.832111007	116.34330512
39.832110642	116.34330585
39.832110264	116.34330657
39.832109871	116.34330729
39.832109463	116.34330802
39.832109046	116.34330874
39.832108622	116.34330945
39.832108194	116.34331014
39.832107748	116.34331085
39.83210728	116.34331156
39.832106788	116.34331227
39.832106282	116.34331295
39.832105762	116.3433136
39.832105219	116.34331425
39.832104639	116.3433149
39.832104033	116.34331555
39.83210343	116.34331618
39.832102872	116.3433166
39.832102258	116.34331719
39.832101613	116.34331779
39.83210094	116.34331838
39.83210025	116.34331896
39.832099546	116.3433195
39.832098819	116.34332005
39.832098083	116.34332054
39.832097347	116.343321
39.832096605	116.34332143
39.832095838	116.34332185
39.832095036	116.34332224
39.832094223	116.34332259
39.832093426	116.34332289
39.832092633	116.34332319
39.832091827	116.34332346
39.832091002	116.34332372
39.832090176	116.34332398
39.832089355	116.34332422
39.8320885	116.34332443
39.832087565	116.34332453
39.832086683	116.34332467
39.832085808	116.34332479
39.832084924	116.34332489
39.832084021	116.34332498
39.832083104	116.34332505
39.832082188	116.34332511
39.832081269	116.34332515
39.832080334	116.34332518
39.832079384	116.3433252
39.83207844	116.34332521
39.832077495	116.34332521
39.832076516	116.34332519
39.832075512	116.34332515
39.832074524	116.3433251
39.832073569	116.34332503
39.832072593	116.34332495
39.832071599	116.34332487
39.832070588	116.3433248
39.832069587	116.34332475
39.832068656	116.34332454
39.832067641	116.34332451
39.832066625	116.3433245
39.832065615	116.34332446
39.8320646	116.34332442
39.832063584	116.34332438
39.832062561	116.34332433
39.832061534	116.34332425
39.83206051	116.34332417
39.832059486	116.3433241
39.832058488	116.34332402
39.832057504	116.34332396
39.832056508	116.34332391
39.832055487	116.34332388
39.832054454	116.34332385
39.832053426	116.34332382
39.832052414	116.34332379
39.832051417	116.34332375
39.832050427	116.34332368
39.832049418	116.34332362
39.832048382	116.34332399
39.83204734	116.34332399
39.832046343	116.343324
39.832045306	116.34332403
39.832044244	116.34332405
39.832043176	116.34332406
39.832042119	116.34332407
39.832041064	116.34332407
39.832040005	116.34332405
39.832038944	116.34332404
39.832037857	116.34332402
39.83203672	116.34332399
39.832035598	116.343324
39.832034521	116.34332406
39.832033433	116.34332412
39.832032312	116.34332418
39.832031166	116.34332425
39.832030003	116.3433243
39.832028841	116.34332433
39.832027685	116.34332433
39.8320266	116.34332454
39.832025415	116.34332455
39.832024238	116.34332458
39.832023091	116.34332464
39.832021931	116.34332472
39.83202076	116.34332481
39.832019572	116.34332489
39.832018403	116.34332494
39.832017235	116.34332496
39.832016063	116.34332499
39.832014873	116.34332502
39.832013668	116.34332506
39.832012465	116.34332511
39.832011271	116.34332518
39.83201007	116.34332526
39.832008843	116.34332532
39.832007612	116.34332538
39.832006398	116.34332541
39.832005195	116.34332543
39.832003964	116.34332545
39.832002938	116.34332509
39.832001733	116.3433251
39.832000556	116.34332512
39.831999359	116.34332516
39.831998141	116.34332521
39.831996926	116.34332526
39.831995714	116.34332528
39.8319945	116.34332529
39.831993268	116.34332531
39.831992038	116.34332531
39.831990814	116.34332532
39.831989582	116.34332534
39.831988317	116.34332536
39.831987028	116.34332538
39.831985753	116.34332541
39.831984516	116.34332544
39.83198328	116.34332546
39.831981994	116.34332546
39.831980677	116.34332545
39.831979353	116.34332546
39.831978142	116.34332545
39.831976868	116.34332546
39.83197559	116.34332548
39.831974293	116.34332552
39.831972977	116.34332557
39.831971658	116.3433256
39.831970344	116.34332563
39.831969039	116.34332563
39.831967741	116.34332562
39.831966428	116.34332562
39.831965098	116.34332563
39.831963772	116.34332564
39.831962447	116.34332565
39.83196112	116.34332569
39.831959788	116.34332573
39.831958446	116.34332575
39.831957095	116.34332575
39.831955754	116.34332574
39.831954423	116.34332572
39.831953093	116.3433257
39.831951702	116.34332572
39.831950334	116.34332573
39.831948955	116.34332576
39.831947586	116.34332579
39.831946241	116.34332583
39.831944892	116.34332583
39.831943509	116.3433258
39.831942088	116.34332576
39.831940684	116.34332572
39.831939327	116.34332568
39.831937981	116.34332566
39.831936608	116.34332567
39.831935207	116.34332568
39.831933797	116.34332571
39.8319324	116.3433257
39.831931002	116.34332567
39.831929612	116.34332562
39.831928228	116.34332558
39.831926826	116.34332554
39.831925413	116.34332552
39.831924026	116.34332546
39.831922627	116.34332547
39.831921249	116.34332549
39.83191987	116.34332548
39.831918466	116.34332545
39.83191706	116.34332542
39.831915652	116.3433254
39.831914257	116.34332537
39.83191285	116.34332535
39.83191144	116.34332535
39.831910024	116.34332535
39.831908615	116.34332536
39.831907188	116.34332534
39.831905727	116.3433253
39.831904291	116.34332527
39.83190289	116.34332525
39.831901486	116.34332524
39.831900056	116.34332522
39.831898603	116.34332521
39.831897157	116.34332522
39.831895745	116.34332518
39.831894342	116.34332515
39.831892929	116.34332512
39.831891452	116.34332511
39.831889974	116.34332509
39.831888545	116.34332507
39.831887141	116.34332506
39.831885703	116.34332506
39.831884234	116.34332507
39.83188276	116.34332506
39.831881316	116.34332503
39.831879881	116.34332502
39.831878425	116.34332504
39.83187695	116.34332504
39.83187549	116.34332505
39.831874034	116.34332504
39.831872585	116.34332503
39.831871121	116.34332502
39.831869661	116.34332501
39.83186819	116.34332499
39.831866732	116.34332502
39.831865293	116.34332502
39.831863856	116.34332501
39.831862391	116.34332501
39.831860904	116.343325
39.83185943	116.34332498
39.831857983	116.34332498
39.831856552	116.34332499
39.831855094	116.34332498
39.831853613	116.34332498
39.831852124	116.34332499
39.831850665	116.34332498
39.831849232	116.34332497
39.831847779	116.34332496
39.831846297	116.34332496
39.831844806	116.34332498
39.831843338	116.343325
39.83184188	116.34332501
39.831840411	116.34332503
39.831838922	116.34332507
39.831837458	116.34332509
39.831835954	116.34332511
39.831834471	116.34332513
39.831832993	116.34332515
39.831831498	116.34332516
39.831829976	116.34332515
39.831828452	116.34332514
39.831826966	116.34332517
39.831825503	116.34332523
39.831824039	116.34332529
39.831822532	116.34332535
39.831821013	116.3433254
39.831819517	116.34332545
39.831818046	116.34332547
39.831816569	116.34332546
39.831815099	116.34332544
39.83181359	116.34332544
39.831812101	116.34332544
39.831810626	116.34332545
39.831809175	116.34332548
39.83180771	116.34332576
39.831806241	116.34332583
39.83180481	116.34332589
39.831803393	116.34332589
39.831801948	116.34332587
39.831800529	116.34332584
39.831799119	116.34332577
39.831797714	116.34332569
39.831796319	116.34332565
39.831794939	116.34332564
39.83179362	116.34332563
39.831792281	116.34332563
39.831790883	116.34332566
39.831789475	116.3433257
39.831788108	116.34332571
39.831786762	116.34332571
39.831785381	116.34332568
39.831783994	116.34332564
39.83178263	116.34332559
39.831781314	116.34332553
39.831779918	116.3433255
39.831778528	116.34332549
39.831777256	116.34332554
39.831775993	116.3433256
39.831774674	116.34332565
39.831773337	116.34332569
39.831772013	116.34332572
39.831770769	116.34332575
39.831769517	116.34332578
39.831768208	116.34332579
39.83176688	116.34332581
39.831765577	116.34332582
39.831764305	116.34332584
39.831763012	116.34332586
39.831761691	116.34332587
39.831760356	116.34332587
39.831759035	116.34332589
39.831757735	116.34332593
39.831756435	116.34332597
39.831755117	116.343326
39.831753761	116.34332579
39.831752433	116.34332581
39.831751128	116.34332583
39.831749818	116.34332584
39.831748491	116.34332584
39.831747147	116.34332584
39.831745807	116.34332584
39.831744478	116.34332585
39.831743117	116.34332585
39.831741743	116.34332584
39.831740381	116.34332584
39.831739047	116.34332585
39.831737713	116.34332587
39.831736337	116.34332589
39.831734956	116.34332591
39.831733595	116.34332591
39.831732274	116.34332592
39.831730932	116.34332591
39.831729562	116.34332589
39.831728171	116.34332588
39.831726963	116.34332587
39.831725624	116.34332587
39.831724267	116.34332587
39.831722871	116.34332586
39.831721464	116.34332585
39.831720086	116.34332584
39.83171873	116.34332582
39.831717357	116.3433258
39.831715947	116.34332576
39.83171453	116.34332574
39.831713132	116.34332571
39.831711768	116.34332569
39.831710396	116.34332567
39.831708996	116.34332564
39.83170757	116.34332562
39.831706163	116.34332558
39.831704788	116.34332556
39.831703407	116.34332552
39.831702005	116.34332549
39.83170057	116.34332545
39.831699081	116.34332548
39.831697683	116.34332545
39.831696282	116.34332544
39.831694867	116.34332542
39.831693432	116.34332538
39.831691995	116.34332535
39.831690575	116.34332533
39.831689173	116.34332531
39.831687766	116.34332528
39.831686337	116.34332524
39.831684889	116.34332521
39.831683452	116.3433252
39.831682047	116.34332519
39.83168066	116.34332517
39.831679237	116.34332515
39.831677798	116.34332514
39.831676381	116.34332513
39.831675007	116.34332511
39.831673654	116.3433251
39.831672236	116.34332511
39.831670651	116.343325
39.831669249	116.34332501
39.831667906	116.34332502
39.831666565	116.34332502
39.831665193	116.34332501
39.831663819	116.343325
39.831662459	116.34332498
39.831661145	116.34332495
39.831659837	116.34332494
39.831658526	116.34332496
39.831657196	116.34332499
39.831655852	116.34332501
39.831654538	116.34332504
39.831653245	116.34332506
39.831651949	116.34332506
39.831650642	116.34332505
39.831649315	116.34332504
39.831648009	116.34332502
39.831646734	116.34332501
39.831645473	116.34332502
39.831644239	116.34332514
39.831642985	116.34332518
39.831641736	116.34332522
39.831640483	116.34332527
39.831639265	116.34332532
39.831638047	116.34332534
39.831636836	116.34332535
39.831635607	116.34332535
39.831634397	116.34332534
39.831633187	116.34332532
39.831631997	116.34332531
39.831630806	116.34332531
39.831629595	116.34332533
39.83162839	116.34332535
39.831627223	116.34332537
39.831626063	116.34332541
39.831624903	116.34332542
39.831623738	116.34332543
39.83162258	116.34332544
39.831621445	116.34332546
39.83162039	116.34332542
39.831619284	116.34332544
39.831618184	116.34332547
39.831617096	116.3433255
39.831615998	116.34332553
39.831614898	116.34332556
39.831613815	116.34332557
39.831612762	116.34332557
39.831611698	116.34332556
39.831610613	116.34332557
39.831609534	116.34332561
39.831608486	116.34332566
39.831607454	116.34332571
39.831606404	116.34332577
39.831605341	116.34332583
39.831604295	116.34332586
39.831603286	116.34332588
39.831602292	116.3433259
39.831601275	116.34332592
39.831600248	116.34332593
39.831599149	116.34332592
39.831598174	116.34332595
39.831597205	116.34332599
39.831596221	116.34332603
39.83159524	116.34332606
39.831594282	116.34332609
39.831593353	116.34332611
39.831592416	116.34332612
39.831591464	116.34332614
39.831590526	116.34332616
39.831589601	116.3433262
39.831588686	116.34332625
39.831587774	116.34332629
39.831586863	116.34332633
39.831585964	116.34332636
39.831585069	116.34332638
39.831584172	116.34332638
39.831583271	116.34332638
39.831582375	116.34332638
39.831581496	116.34332638
39.831580504	116.34332647
39.831579616	116.3433265
39.83157872	116.34332655
39.831577835	116.3433266
39.831576969	116.34332667
39.831576103	116.34332675
39.831575225	116.34332681
39.831574347	116.34332685
39.83157348	116.34332688
39.83157263	116.3433269
39.831571776	116.34332691
39.831570926	116.34332692
39.831570083	116.34332694
39.831569238	116.34332698
39.831568396	116.34332703
39.831567561	116.34332707
39.831566734	116.34332711
39.831565913	116.34332713
39.831565114	116.34332716
39.831564333	116.34332719
39.831563521	116.34332708
39.831562728	116.34332712
39.831561922	116.34332718
39.831561123	116.34332721
39.831560333	116.34332723
39.831559533	116.34332724
39.831558712	116.34332726
39.831557881	116.34332728
39.831557053	116.34332731
39.831556239	116.34332736
39.831555423	116.3433274
39.831554582	116.34332742
39.831553709	116.34332743
39.831552835	116.34332742
39.831551943	116.34332742
39.831551033	116.34332745
39.831550142	116.34332747
39.83154926	116.34332752
39.831548367	116.34332757
39.831547456	116.34332761
39.831546551	116.34332768
39.83154566	116.34332769
39.831544784	116.3433277
39.831543903	116.34332771
39.831543012	116.34332773
39.831542124	116.34332776
39.831541246	116.34332779
39.831540386	116.3433278
39.831539528	116.34332782
39.831538675	116.34332783
39.831537831	116.34332783
39.831537001	116.34332783
39.831536173	116.34332782
39.831535345	116.34332781
39.831534515	116.34332779
39.831533697	116.34332777
39.831532892	116.34332775
39.8315321	116.34332772
39.831531315	116.34332769
39.831530539	116.34332766
39.831529759	116.34332754
39.831528997	116.34332747
39.831528244	116.34332737
39.831527511	116.34332726
39.831526787	116.34332714
39.831526058	116.34332701
39.831525321	116.34332687
39.831524593	116.34332672
39.83152389	116.34332657
39.831523199	116.3433264
39.831522495	116.34332621
39.831521775	116.343326
39.831521053	116.34332578
39.831520342	116.34332556
39.831519645	116.34332533
39.831518946	116.34332511
39.831518235	116.34332486
39.831517529	116.34332459
39.83151684	116.3433243
39.831516158	116.34332398
39.831515573	116.34332378
39.831514901	116.34332343
39.831514247	116.34332308
39.831513608	116.34332273
39.831512974	116.34332238
39.831512331	116.34332202
39.831511684	116.34332161
39.83151106	116.34332117
39.831510452	116.3433207
39.831509855	116.34332021
39.831509259	116.3433197
39.83150866	116.34331918
39.831508049	116.34331865
39.831507428	116.34331811
39.831506805	116.34331756
39.831506187	116.34331698
39.831505576	116.34331639
39.831504971	116.34331578
39.831504371	116.34331515
39.831503775	116.34331449
39.831503251	116.34331359
39.831502678	116.34331287
39.831502123	116.34331215
39.83150158	116.3433114
39.831501044	116.34331065
39.831500525	116.34330989
39.831500018	116.34330911
39.831499521	116.34330831
39.831499047	116.34330751
39.831498598	116.34330671
39.831498165	116.34330591
39.831497744	116.34330507
39.831497345	116.34330421
39.831496969	116.34330336
39.831496606	116.34330252
39.831496245	116.34330167
39.831495883	116.3433008
39.831495518	116.34329993
39.831495153	116.34329906
39.831494817	116.34329818
39.831494434	116.34329733
39.831494117	116.34329641
39.831493827	116.34329547
39.831493562	116.34329451
39.831493318	116.34329355
39.831493091	116.34329255
39.831492882	116.34329153
39.831492687	116.34329049
39.831492495	116.34328945
39.831492306	116.34328841
39.831492116	116.34328737
39.831491923	116.34328632
39.831491731	116.34328525
39.831491551	116.3432841
39.8314914	116.34328292
39.831491274	116.34328177
39.831491167	116.34328064
39.831491068	116.34327949
39.831490963	116.34327829
39.831490855	116.34327706
39.831490713	116.34327584
39.831490609	116.34327466
39.831490514	116.34327344
39.831490431	116.34327219
39.831490369	116.34327091
39.831490326	116.34326965
39.831490291	116.34326839
39.83149027	116.34326712
39.831490264	116.34326583
39.831490253	116.34326453
39.831490233	116.34326322
39.831490212	116.34326191
39.831490193	116.34326061
39.831490173	116.3432593
39.831490152	116.34325797
39.831490136	116.34325663
39.831490129	116.34325529
39.831490118	116.34325397
39.831490101	116.34325262
39.831490091	116.34325125
39.831490024	116.34325004
39.831490027	116.34324866
39.831490028	116.3432473
39.831490029	116.34324594
39.83149003	116.34324456
39.831490036	116.34324316
39.831490045	116.34324176
39.831490048	116.34324036
39.831490052	116.34323896
39.831490052	116.34323753
39.831490041	116.34323609
39.831490035	116.34323466
39.831490046	116.34323325
39.831490068	116.34323182
39.831490093	116.34323038
39.83149012	116.34322891
39.83149015	116.34322743
39.831490189	116.34322595
39.831490229	116.34322448
39.831490258	116.34322299
39.831490299	116.34322146
39.831490321	116.34321995
39.831490347	116.34321843
39.831490378	116.34321691
39.831490414	116.34321539
39.831490454	116.34321385
39.831490489	116.3432123
39.83149051	116.34321072
39.83149053	116.34320913
39.831490575	116.34320757
39.831490628	116.34320603
39.831490677	116.34320446
39.83149074	116.34320285
39.831490818	116.34320119
39.831490889	116.34319954
39.831490935	116.34319795
39.831490971	116.3431964
39.831490988	116.34319477
39.831490973	116.3431931
39.831490983	116.34319144
39.831490844	116.34319003
39.831490914	116.34318842
39.831490998	116.34318683
39.831491105	116.34318522
39.831491213	116.34318356
39.831491284	116.3431819
39.831491325	116.34318024
39.831491349	116.34317862
39.83149136	116.34317697
39.83149138	116.34317529
39.831491416	116.3431736
39.831491466	116.34317192
39.831491527	116.34317027
39.831491602	116.34316858
39.831491671	116.3431668
39.831491737	116.34316504
39.831491795	116.34316335
39.831491843	116.34316168
39.831491886	116.34315995
39.831491928	116.34315814
39.831491819	116.34315641
39.83149186	116.34315468
39.831491905	116.343153
39.831491951	116.34315128
39.831491987	116.34314957
39.83149203	116.34314775
39.831492076	116.34314597
39.831492115	116.34314423
39.831492159	116.34314252
39.831492207	116.34314078
39.831492257	116.34313898
39.831492304	116.34313719
39.831492353	116.34313544
39.831492397	116.34313374
39.831492434	116.34313202
39.83149247	116.34313026
39.831492498	116.3431285
39.831492521	116.34312675
39.831492549	116.34312501
39.831492567	116.34312322
39.831492527	116.34312124
39.831492573	116.34311947
39.831492634	116.34311776
39.831492684	116.34311598
39.83149272	116.34311413
39.831492743	116.34311228
39.83149274	116.34311051
39.831492709	116.34310884
39.831492659	116.34310712
39.831492598	116.34310534
39.831492584	116.34310353
39.831492629	116.34310171
39.831492698	116.34309999
39.831492763	116.34309836
39.831492797	116.34309665
39.83149279	116.34309483
39.831492755	116.34309299
39.831492694	116.34309123
39.831492603	116.34308959
39.831492531	116.34308795
39.831492582	116.34308612
39.831492566	116.34308434
39.831492566	116.34308261
39.831492575	116.34308101
39.831492587	116.34307936
39.831492585	116.34307764
39.831492565	116.3430759
39.831492524	116.34307421
39.831492464	116.34307261
39.831492401	116.34307099
39.831492337	116.34306935
39.831492277	116.3430677
39.831492234	116.34306609
39.831492204	116.34306449
39.831492175	116.34306289
39.831492147	116.3430613
39.831492115	116.34305971
39.831492073	116.34305812
39.831492027	116.34305657
39.831491995	116.34305504
39.831491807	116.34305381
39.831491769	116.34305229
39.831491736	116.34305077
39.831491706	116.34304927
39.831491625	116.34304777
39.831491527	116.34304632
39.831491442	116.34304489
39.831491372	116.34304346
39.83149131	116.34304198
39.831491266	116.34304048
39.831491251	116.343039
39.831491247	116.34303756
39.831491238	116.34303613
39.83149123	116.3430347
39.831491224	116.34303324
39.83149118	116.34303178
39.831491077	116.34303032
39.831490985	116.34302886
39.831490912	116.34302743
39.831490833	116.34302599
39.831490598	116.34302481
39.831490585	116.34302334
39.831490607	116.34302187
39.831490632	116.34302042
39.831490647	116.34301897
39.83149066	116.34301749
39.831490654	116.34301597
39.831490628	116.34301444
39.831490608	116.34301292
39.831490597	116.3430114
39.831490576	116.34300987
39.83149055	116.34300832
39.831490548	116.34300678
39.831490546	116.34300525
39.831490534	116.3430037
39.831490524	116.34300211
39.831490527	116.34300051
39.83149053	116.34299891
39.83149053	116.34299732
39.831490531	116.34299573
39.831490508	116.34299405
39.831490503	116.34299241
39.831490508	116.34299078
39.831490525	116.34298913
39.831490533	116.34298749
39.831490537	116.34298587
39.831490542	116.34298423
39.831490543	116.34298257
39.831490547	116.34298089
39.831490557	116.34297924
39.831490572	116.34297758
39.83149058	116.34297591
39.831490586	116.3429742
39.831490598	116.34297248
39.831490612	116.34297077
39.831490629	116.34296907
39.831490646	116.34296734
39.831490647	116.34296556
39.831490663	116.34296375
39.831490693	116.34296194
39.831490703	116.34296022
39.831490725	116.34295844
39.831490758	116.34295665
39.831490798	116.34295485
39.831490832	116.34295305
39.83149087	116.34295123
39.831490887	116.3429494
39.8314909	116.34294761
39.831490918	116.34294582
39.831490941	116.34294401
39.831490967	116.34294216
39.831490998	116.3429403
39.831491031	116.34293845
39.831491062	116.34293661
39.831491093	116.34293475
39.831491125	116.34293287
39.831491164	116.34293096
39.831491203	116.34292906
39.831491237	116.34292717
39.83149127	116.34292528
39.83149126	116.3429232
39.831491278	116.34292128
39.831491294	116.34291936
39.831491317	116.34291748
39.831491348	116.34291562
39.831491381	116.34291377
39.831491412	116.34291192
39.831491445	116.34291005
39.83149148	116.3429082
39.831491509	116.34290637
39.831491531	116.34290458
39.83149155	116.34290279
39.831491558	116.34290099
39.83149156	116.34289919
39.831491561	116.34289742
39.831491564	116.34289567
39.831491569	116.34289394
39.831491578	116.34289222
39.831491587	116.34289049
39.831491603	116.34288876
39.831491782	116.34288716
39.83149182	116.34288545
39.831491833	116.3428837
39.831491832	116.34288199
39.83149182	116.34288032
39.831491799	116.34287866
39.831491778	116.34287697
39.831491765	116.34287526
39.831491766	116.34287355
39.831491782	116.34287189
39.831491807	116.34287025
39.831491851	116.3428686
39.83149188	116.34286692
39.831491884	116.34286517
39.831491869	116.34286343
39.831491836	116.34286173
39.831491799	116.34286005
39.831491764	116.34285832
39.831491754	116.34285651
39.831491766	116.34285472
39.831491788	116.34285298
39.831491808	116.34285122
39.831491827	116.34284938
39.831491837	116.34284749
39.831491832	116.3428456
39.831491809	116.34284374
39.831491785	116.34284187
39.831491766	116.34283993
39.831491756	116.34283797
39.831491758	116.34283598
39.831491763	116.34283401
39.831491777	116.34283199
39.831491786	116.34282993
39.83149178	116.34282782
39.83149178	116.3428257
39.831491789	116.34282357
39.8314918	116.3428214
39.831491817	116.34281922
39.831491842	116.34281699
39.831491865	116.34281475
39.831491821	116.34281241
39.831491806	116.3428101
39.831491793	116.34280778
39.831491788	116.34280543
39.831491788	116.34280305
39.831491791	116.34280066
39.831491813	116.34279826
39.831491837	116.34279587
39.831491846	116.34279348
39.831491839	116.34279104
39.831491828	116.34278855
39.831491816	116.34278607
39.831491808	116.3427836
39.831491817	116.34278112
39.831491838	116.34277859
39.83149185	116.34277605
39.831491873	116.34277349
39.831491899	116.34277095
39.83149191	116.34276842
39.831491918	116.34276589
39.831491564	116.3427634
39.831491557	116.34276082
39.831491546	116.34275823
39.831491542	116.34275569
39.831491535	116.34275314
39.831491519	116.34275057
39.831491494	116.34274799
39.83149147	116.3427454
39.831491447	116.34274279
39.831491423	116.34274021
39.831491391	116.34273769
39.831491353	116.34273513
39.831491326	116.34273252
39.831491303	116.3427299
39.831491281	116.34272733
39.83149126	116.3427248
39.83149124	116.34272226
39.831491215	116.34271967
39.831491191	116.34271709
39.831491172	116.34271455
39.831491346	116.34271206
39.831491325	116.34270952
39.831491312	116.34270695
39.831491305	116.34270442
39.831491304	116.34270191
39.831491295	116.34269941
39.831491268	116.34269691
39.831491237	116.34269442
39.831491218	116.34269195
39.831491197	116.34268951
39.831491173	116.34268706
39.831491167	116.34268464
39.831491155	116.34268221
39.83149112	116.34267976
39.83149111	116.34267731
39.831491106	116.3426749
39.831491099	116.34267251
39.831491084	116.34267014
39.831491073	116.34266774
39.831491052	116.34266536
39.831491438	116.3426631
39.831491424	116.34266084
39.831491422	116.34265851
39.831491421	116.3426562
39.831491417	116.3426539
39.831491423	116.34265163
39.831491425	116.34264934
39.831491408	116.34264705
39.831491389	116.34264477
39.83149138	116.3426425
39.831491364	116.34264026
39.831491355	116.34263801
39.831491362	116.34263578
39.831491385	116.34263354
39.831491396	116.34263134
39.831491404	116.34262915
39.831491412	116.34262699
39.831491407	116.34262481
39.831491393	116.34262264
39.831491393	116.34262051
39.831491548	116.34261835
39.831491554	116.34261619
39.831491552	116.34261403
39.831491565	116.34261191
39.831491568	116.3426098
39.831491556	116.34260768
39.831491536	116.34260555
39.831491524	116.34260344
39.831491516	116.34260134
39.831491498	116.34259928
39.831491482	116.34259722
39.831491493	116.34259515
39.831491501	116.34259308
39.831491497	116.34259106
39.831491493	116.34258905
39.831491493	116.34258706
39.831491494	116.34258504
39.831491491	116.34258301
39.831491484	116.34258101
39.83149149	116.34257903
39.831491271	116.34257675
39.831491268	116.34257475
39.831491256	116.34257276
39.831491252	116.34257079
39.831491257	116.34256883
39.831491262	116.34256688
39.831491263	116.34256494
39.831491275	116.34256302
39.831491296	116.34256108
39.831491316	116.34255914
39.831491314	116.34255724
39.831491309	116.34255536
39.831491317	116.34255348
39.831491323	116.34255155
39.831491331	116.34254962
39.831491349	116.34254771
39.831491382	116.34254579
39.831491419	116.34254384
39.831491452	116.34254187
39.831491475	116.34253988
39.831491418	116.34253786
39.831491431	116.34253589
39.831491436	116.34253389
39.831491442	116.34253183
39.831491457	116.34252976
39.831491477	116.34252772
39.831491503	116.34252573
39.831491518	116.34252367
39.831491543	116.34252154
39.831491568	116.34251936
39.831491588	116.34251718
39.831491605	116.34251506
39.831491621	116.34251288
39.831491636	116.34251067
39.83149165	116.3425084
39.83149166	116.3425061
39.831491679	116.34250381
39.8314917	116.34250152
39.83149172	116.34249922
39.831491745	116.34249689
39.831491694	116.34249455
39.831491691	116.34249214
39.831491688	116.34248975
39.83149169	116.34248738
39.831491692	116.34248503
39.831491698	116.34248269
39.831491715	116.34248032
39.831491735	116.34247794
39.831491757	116.3424756
39.831491785	116.34247327
39.831491807	116.34247094
39.831491819	116.3424686
39.831491829	116.34246629
39.831491851	116.342464
39.831491875	116.34246173
39.831491899	116.34245944
39.831491942	116.3424572
39.831491983	116.34245498
39.831492009	116.34245275
39.831492031	116.34245049
39.831491837	116.34244823
39.831491863	116.34244602
39.83149187	116.34244385
39.831491862	116.34244166
39.831491862	116.34243943
39.831491864	116.34243719
39.831491855	116.34243502
39.831491842	116.3424329
39.831491846	116.34243073
39.831491855	116.34242855
39.831491856	116.34242637
39.831491848	116.34242426
39.831491837	116.34242216
39.831491816	116.34242006
39.831491795	116.34241791
39.831491786	116.34241579
39.831491784	116.34241371
39.831491786	116.34241165
39.831491781	116.34240964
39.831491778	116.34240769
39.831491956	116.3424057
39.831491935	116.34240375
39.83149191	116.34240186
39.831491897	116.34240007
39.831491889	116.34239837
39.831491881	116.34239666
39.831491878	116.34239493
39.831491876	116.34239321
39.831491865	116.34239157
39.831491842	116.34239003
39.831491813	116.34238853
39.831491785	116.34238704
39.831491758	116.34238558
39.831491735	116.34238421
39.831491722	116.34238291
39.831491716	116.34238166
39.831491707	116.34238044
39.831491694	116.34237923
39.831491685	116.34237807
39.831491677	116.34237698
39.831491989	116.34237599
39.831491988	116.34237502
39.831491985	116.34237405
39.831491979	116.34237308
39.831491975	116.34237214
39.831491973	116.34237123
39.831491973	116.34237033
39.831491974	116.34236942
39.831491973	116.34236851
39.831491973	116.3423676
39.831491974	116.34236671
39.831491973	116.34236584
39.831491971	116.34236497
39.831491969	116.34236411
39.831491968	116.34236326
39.831491968	116.34236241
39.831491969	116.34236156
39.831491969	116.34236071
39.831491971	116.34235988
39.831491979	116.34235905
39.831492019	116.34235809
39.831492025	116.34235727
39.831492027	116.34235645
39.831492024	116.34235565
39.831492017	116.34235486
39.831492005	116.34235407
39.831491991	116.34235328
39.831491978	116.34235249
39.831491967	116.34235171
39.831491965	116.34235094
39.831491971	116.34235019
39.831491982	116.34234945
39.831491992	116.3423487
39.831491996	116.34234796
39.831491995	116.34234723
39.831491991	116.3423465
39.831491986	116.34234578
39.831491982	116.34234505
39.831491975	116.34234433
39.831491967	116.3423436
39.831491923	116.34234267
39.831491921	116.34234194
39.83149192	116.34234121
39.83149192	116.34234048
39.831491917	116.34233974
39.831491914	116.34233899
39.831491909	116.34233823
39.831491902	116.34233747
39.831491893	116.34233672
39.83149188	116.34233595
39.831491867	116.34233518
39.831491858	116.34233438
39.831491858	116.34233357
39.831491869	116.34233275
39.831491884	116.3423319
39.831491894	116.34233104
39.831491898	116.34233016
39.831491895	116.34232926
39.831491882	116.34232834
39.83149186	116.34232739
39.831491882	116.34232642
39.83149187	116.34232542
39.831491869	116.34232439
39.831491871	116.34232332
39.831491876	116.34232223
39.831491886	116.34232111
39.831491895	116.34231997
39.831491893	116.34231879
39.831491886	116.3423176
39.831491885	116.34231638
39.831491888	116.34231514
39.831491895	116.34231386
39.831491912	116.34231252
39.831491942	116.34231112
39.831491967	116.34230976
39.83149198	116.34230849
39.83149198	116.34230725
39.831491966	116.34230597
39.831491937	116.34230463
39.831491905	116.3423033
39.831491681	116.34230203
39.831491674	116.34230079
39.831491677	116.34229957
39.831491688	116.34229832
39.831491715	116.34229706
39.831491763	116.34229581
39.831491821	116.34229464
39.831491849	116.34229354
39.831491859	116.34229225
39.831491855	116.34229099
39.831491833	116.34228975
39.8314918	116.34228863
39.831491776	116.34228749
39.831491765	116.34228629
39.831491772	116.34228507
39.831491795	116.34228388
39.831491826	116.34228276
39.831491857	116.34228161
39.83149189	116.34228045
39.831491922	116.34227929
39.83149149	116.34227792
39.831491473	116.3422768
39.831491457	116.34227567
39.831491448	116.34227451
39.831491438	116.34227336
39.831491438	116.34227224
39.831491451	116.34227114
39.831491468	116.34227004
39.831491493	116.34226893
39.831491534	116.34226783
39.831491586	116.34226674
39.831491632	116.34226569
39.83149167	116.34226464
39.831491707	116.34226359
39.831491742	116.34226254
39.831491763	116.3422615
39.831491782	116.34226048
39.831491816	116.34225947
39.831491875	116.34225844
39.83149196	116.34225742
39.831492556	116.3422571
39.831492703	116.34225614
39.831492866	116.34225518
39.831493032	116.34225423
39.831493191	116.34225325
39.831493341	116.34225229
39.831493478	116.34225135
39.831493606	116.34225044
39.831493743	116.34224953
39.831493908	116.3422486
39.831494098	116.34224766
39.831494319	116.34224673
39.831494569	116.34224583
39.831494818	116.34224495
39.83149505	116.34224408
39.831495273	116.34224323
39.831495504	116.34224237
39.831495751	116.34224146
39.831496027	116.34224055
39.831496329	116.34223966
39.831496909	116.34223872
39.831497196	116.34223796
39.831497481	116.34223718
39.83149778	116.34223635
39.83149809	116.34223551
39.831498397	116.3422347
39.831498697	116.34223394
39.831499007	116.34223322
39.831499349	116.3422325
39.831499729	116.34223177
39.831500125	116.34223108
39.831500516	116.34223045
39.83150091	116.34222982
39.831501304	116.34222917
39.831501671	116.34222854
39.831502005	116.34222791
39.831502327	116.3422273
39.831502663	116.34222669
39.831503018	116.34222608
39.831503387	116.3422255
39.831503551	116.34222465
39.831503932	116.34222408
39.831504318	116.34222352
39.8315047	116.34222298
39.831505076	116.34222247
39.83150545	116.34222196
39.831505833	116.34222143
39.831506225	116.3422209
39.831506614	116.34222038
39.831506997	116.34221985
39.831507387	116.34221932
39.831507792	116.34221879
39.83150821	116.34221828
39.831508638	116.34221779
39.831509075	116.34221729
39.831509528	116.34221679
39.831509989	116.34221629
39.831510461	116.34221577
39.83151094	116.34221524
39.83151143	116.34221469
39.831511976	116.34221403
39.831512496	116.34221348
39.831513043	116.34221292
39.831513623	116.34221237
39.831514235	116.34221183
39.831514869	116.34221129
39.831515515	116.34221076
39.83151617	116.34221021
39.831516842	116.34220965
39.831517539	116.34220906
39.83151827	116.34220846
39.831519029	116.34220786
39.831519816	116.34220726
39.831520628	116.34220667
39.831521471	116.34220608
39.831522338	116.3422055
39.831523234	116.34220491
39.831524156	116.34220431
39.831525102	116.34220371
39.831526071	116.34220312
39.83152704	116.34220226
39.831528054	116.34220167
39.831529088	116.34220108
39.831530157	116.3422005
39.831531249	116.34219992
39.831532349	116.34219936
39.831533466	116.34219882
39.831534612	116.34219831
39.831535786	116.34219782
39.831536977	116.34219736
39.831538176	116.34219691
39.831539381	116.34219648
39.831540589	116.34219606
39.831541801	116.34219566
39.831543024	116.34219528
39.831544255	116.34219492
39.831545489	116.34219459
39.831546715	116.34219428
39.831547927	116.34219399
39.831549143	116.34219374
39.831550291	116.34219362
39.831551535	116.34219338
39.831552729	116.34219316
39.831553868	116.34219295
39.831555006	116.34219273
39.831556168	116.3421925
39.831557373	116.3421923
39.83155858	116.34219211
39.83155975	116.34219196
39.83156089	116.34219185
39.831562043	116.34219176
39.831563229	116.34219168
39.831564439	116.34219157
39.831565674	116.34219145
39.831566889	116.34219134
39.831568073	116.3421912
39.831569245	116.34219105
39.831570435	116.34219095
39.831571649	116.34219089
39.831572878	116.34219083
39.831574134	116.34219138
39.83157538	116.34219139
39.831576632	116.34219138
39.831577888	116.34219136
39.831579147	116.34219132
39.831580417	116.34219127
39.831581691	116.34219121
39.831582984	116.34219117
39.831584292	116.34219117
39.831585555	116.34219119
39.831586801	116.3421912
39.831588078	116.34219122
39.831589364	116.34219124
39.831590669	116.34219125
39.831591958	116.34219125
39.831593232	116.34219124
39.831594514	116.34219123
39.831595821	116.34219121
39.831597124	116.34219121
39.831598438	116.34219125
39.83159947	116.34219105
39.831600767	116.34219111
39.831602073	116.34219117
39.831603412	116.34219121
39.831604738	116.34219122
39.831606057	116.34219121
39.831607353	116.34219121
39.831608664	116.34219122
39.831610017	116.34219123
39.831611382	116.34219126
39.831612719	116.34219129
39.831614042	116.34219132
39.831615393	116.34219134
39.831616749	116.34219134
39.831618101	116.34219133
39.831619444	116.3421913
39.831620827	116.34219128
39.831622209	116.34219128
39.831623591	116.3421913
39.831624977	116.3421913
39.831626304	116.34219118
39.831627674	116.34219118
39.831629061	116.34219116
39.831630469	116.34219111
39.831631878	116.34219104
39.831633275	116.34219096
39.831634662	116.34219089
39.83163606	116.34219084
39.831637464	116.34219082
39.831638849	116.34219083
39.831640247	116.34219084
39.831641681	116.34219083
39.831643132	116.3421908
39.831644588	116.34219074
39.831646028	116.34219067
39.831647458	116.34219059
39.831648903	116.34219053
39.831650379	116.34219051
39.831651898	116.34219051
39.831653411	116.34219052
39.831654842	116.34219054
39.831656216	116.34219053
39.831657661	116.3421905
39.83165916	116.34219044
39.831660651	116.34219037
39.831662068	116.34219032
39.831663441	116.34219029
39.831664886	116.34219027
39.831666386	116.34219028
39.831667887	116.34219029
39.831669329	116.34219031
39.831670741	116.3421903
39.831672206	116.34219026
39.831673715	116.3421902
39.831675234	116.34219016
39.831676697	116.34219012
39.831678123	116.34219009
39.831679585	116.34219008
39.831681099	116.34219009
39.831682603	116.3421901
39.831684113	116.34219013
39.831685561	116.34219012
39.83168704	116.34219011
39.83168854	116.3421901
39.831690046	116.34219009
39.831691532	116.34219009
39.831693014	116.34219009
39.831694494	116.3421901
39.831695983	116.34219011
39.831697481	116.34219013
39.831699002	116.34219014
39.831700522	116.34219015
39.831702027	116.34219016
39.831703523	116.34219016
39.831705041	116.34219016
39.831706558	116.34219015
39.831708089	116.34219014
39.831709629	116.34219014
39.831711169	116.34219015
39.8317127	116.34219018
39.831714145	116.34219049
39.831715667	116.34219053
39.831717207	116.34219055
39.831718759	116.34219057
39.831720279	116.34219057
39.831721787	116.34219057
39.831723308	116.34219056
39.831724878	116.34219057
39.831726455	116.34219059
39.831727998	116.3421906
39.83172951	116.34219062
39.831731042	116.34219062
39.831732612	116.34219062
39.831734195	116.3421906
39.831735753	116.34219058
39.831737282	116.34219058
39.831738806	116.3421906
39.831740382	116.34219061
39.831741987	116.34219062
39.831743558	116.34219065
39.83174508	116.34219037
39.831746604	116.34219037
39.831748168	116.34219035
39.831749747	116.34219033
39.831751307	116.34219032
39.83175284	116.34219032
39.831754395	116.34219033
39.831755982	116.34219034
39.831757567	116.34219038
39.831759114	116.3421904
39.831760656	116.34219042
39.831762239	116.34219041
39.831763854	116.3421904
39.831765452	116.34219039
39.831767019	116.34219037
39.831768582	116.34219035
39.831770153	116.34219035
39.831771759	116.34219035
39.831773385	116.34219036
39.831774978	116.34219036
39.831776505	116.34219062
39.831778047	116.34219062
39.831779635	116.3421906
39.831781255	116.34219058
39.831782851	116.34219057
39.831784408	116.34219057
39.831785954	116.34219057
39.831787532	116.34219059
39.831789142	116.34219062
39.831790737	116.34219062
39.831792302	116.34219061
39.831793851	116.3421906
39.831795415	116.34219059
39.831796997	116.34219058
39.831798592	116.34219057
39.831800181	116.34219059
39.831801749	116.34219061
39.831803303	116.34219063
39.831804868	116.34219065
39.831806455	116.34219066
39.831808019	116.34219075
39.831809582	116.34219076
39.83181113	116.34219076
39.831812677	116.34219076
39.83181424	116.34219077
39.831815813	116.34219077
39.831817381	116.34219078
39.831818936	116.3421908
39.831820495	116.34219081
39.831822069	116.34219081
39.831823647	116.34219081
39.831825229	116.34219081
39.831826795	116.34219082
39.831828337	116.34219082
39.831829884	116.34219082
39.83183146	116.34219081
39.831833013	116.3421908
39.831834536	116.34219077
39.831836082	116.34219076
39.831837643	116.34219076
39.831839343	116.34219084
39.831840886	116.34219086
39.831842445	116.3421909
39.831844005	116.3421909
39.831845543	116.34219088
39.83184707	116.34219085
39.831848596	116.34219084
39.831850157	116.34219084
39.831851751	116.34219083
39.831853308	116.34219084
39.831854813	116.34219085
39.831856311	116.34219084
39.831857906	116.3421908
39.831859502	116.34219077
39.831861056	116.34219075
39.83186254	116.34219074
39.831864056	116.34219074
39.831865625	116.34219075
39.831867208	116.34219077
39.831868749	116.34219077
39.831869873	116.34218998
39.831871385	116.34218994
39.83187294	116.3421899
39.831874513	116.34218986
39.83187605	116.34218983
39.831877553	116.34218981
39.831879069	116.34218978
39.831880619	116.34218975
39.831882194	116.34218973
39.831883714	116.34218971
39.831885175	116.34218967
39.831886691	116.34218964
39.831888245	116.34218961
39.83188981	116.34218959
39.83189132	116.34218956
39.831892805	116.34218953
39.831894332	116.34218951
39.831895889	116.34218949
39.831897451	116.34218946
39.831898967	116.34218943
39.831900922	116.3421901
39.831902458	116.3421901
39.831904016	116.34219009
39.831905573	116.34219009
39.831907126	116.3421901
39.831908654	116.34219011
39.831910183	116.34219012
39.831911715	116.34219013
39.831913262	116.34219013
39.831914808	116.34219013
39.831916347	116.34219011
39.831917879	116.3421901
39.83191942	116.34219009
39.831920964	116.3421901
39.831922506	116.34219011
39.831924034	116.34219013
39.831925576	116.34219014
39.831927123	116.34219014
39.831928653	116.34219015
39.831930165	116.34219014
39.831932167	116.34219015
39.831933691	116.34219015
39.83193523	116.34219015
39.831936777	116.34219017
39.831938329	116.34219018
39.831939847	116.34219022
39.831941341	116.34219027
39.83194286	116.34219032
39.831944391	116.34219034
39.831945928	116.34219036
39.831947424	116.34219037
39.831948909	116.34219036
39.831950397	116.34219035
39.831951888	116.34219033
39.83195337	116.34219032
39.83195481	116.34219032
39.831956239	116.34219034
39.831957693	116.34219037
39.831959156	116.3421904
39.831960592	116.34219044
39.831961357	116.34218968
39.831962736	116.34218966
39.831964117	116.34218962
39.831965491	116.34218958
39.83196687	116.34218954
39.831968251	116.34218953
39.831969588	116.34218955
39.831970892	116.34218958
39.83197221	116.34218962
39.831973563	116.34218966
39.831974914	116.34218968
39.831976231	116.34218969
39.831977493	116.34218971
39.831978766	116.34218972
39.831980077	116.34218974
39.831981396	116.34218977
39.83198267	116.34218981
39.831983877	116.34218986
39.831985117	116.34218992
39.831986403	116.34218996
39.831987715	116.34219106
39.831988954	116.34219112
39.831990143	116.34219116
39.831991364	116.3421912
39.8319926	116.34219124
39.831993855	116.3421913
39.831995079	116.34219136
39.831996296	116.34219144
39.831997524	116.34219155
39.831998761	116.34219164
39.831999985	116.34219171
39.832001202	116.34219177
39.832002412	116.34219181
39.832003631	116.34219183
39.832004866	116.34219187
39.832006097	116.34219192
39.832007305	116.34219199
39.832008481	116.34219206
39.832009652	116.34219214
39.832010849	116.34219221
39.832012628	116.34219242
39.832013838	116.34219248
39.83201501	116.34219253
39.832016177	116.34219258
39.832017365	116.34219265
39.832018559	116.34219274
39.832019747	116.34219285
39.832020904	116.34219297
39.832022048	116.34219307
39.832023184	116.34219314
39.832024307	116.34219318
39.832025417	116.34219319
39.832026532	116.34219322
39.832027661	116.34219326
39.832028793	116.34219331
39.83202992	116.34219339
39.832031041	116.34219349
39.832032166	116.34219362
39.83203328	116.34219374
39.832034384	116.34219386
39.832035439	116.34219353
39.832036565	116.34219358
39.832037716	116.3421936
39.832038865	116.3421936
39.832039965	116.34219361
39.83204107	116.34219362
39.832042206	116.34219364
39.832043353	116.34219366
39.832044473	116.3421937
39.83204556	116.34219373
39.832046651	116.34219378
39.83204777	116.34219385
39.8320489	116.34219394
39.832050017	116.34219403
39.832051105	116.3421941
39.832052179	116.34219414
39.832053274	116.34219418
39.832054384	116.3421942
39.83205549	116.34219419
39.832056584	116.34219419
39.832058218	116.34219484
39.832059297	116.34219491
39.832060376	116.342195
39.832061457	116.34219512
39.832062517	116.34219525
39.832063561	116.34219537
39.832064605	116.34219547
39.832065658	116.34219554
39.832066707	116.34219561
39.832067733	116.34219567
39.832068756	116.34219572
39.832069811	116.34219579
39.832070901	116.34219587
39.832071992	116.34219598
39.832073059	116.3421961
39.832074118	116.34219621
39.8320752	116.34219633
39.832076301	116.34219644
39.832077408	116.34219654
39.832078499	116.34219663
39.832079194	116.34219645
39.832080269	116.34219654
39.832081355	116.34219663
39.832082423	116.34219672
39.832083467	116.34219681
39.832084506	116.34219688
39.832085545	116.34219697
39.832086587	116.34219708
39.832087621	116.3421972
39.832088646	116.3421973
39.832089661	116.34219742
39.832090662	116.34219753
39.832091653	116.34219763
39.832092633	116.34219773
39.832093598	116.34219784
39.832094563	116.34219797
39.832095526	116.34219812
39.832096477	116.34219829
39.832097408	116.34219847
39.832098326	116.34219866
39.83209866	116.34219864
39.832099549	116.34219887
39.832100408	116.3421991
39.832101243	116.34219935
39.832102072	116.34219961
39.8321029	116.34219989
39.832103726	116.34220018
39.83210454	116.3422005
39.832105333	116.34220084
39.832106116	116.34220119
39.832106886	116.34220158
39.832107637	116.34220197
39.832108369	116.34220238
39.832109092	116.3422028
39.83210982	116.34220323
39.832110543	116.34220367
39.832111207	116.34220413
39.83211182	116.34220461
39.832112419	116.34220511
39.832113015	116.34220564
39.832113543	116.34220605
39.832114113	116.34220658
39.832114657	116.34220709
39.832115182	116.34220759
39.832115711	116.34220812
39.832116242	116.34220866
39.832116766	116.34220921
39.832117262	116.34220974
39.832117732	116.34221026
39.832118191	116.34221077
39.832118656	116.3422113
39.832119116	116.34221184
39.832119561	116.34221244
39.832119962	116.3422131
39.832120311	116.34221375
39.832120622	116.34221439
39.832120928	116.34221503
39.832121256	116.34221569
39.832121601	116.34221632
39.832121934	116.34221693
39.832122164	116.34221783
39.832122476	116.34221846
39.832122775	116.34221911
39.832123059	116.34221979
39.832123329	116.34222047
39.832123595	116.34222116
39.832123846	116.34222185
39.832124063	116.34222255
39.832124272	116.34222327
39.832124517	116.34222404
39.832124759	116.34222483
39.832124965	116.34222561
39.832125167	116.34222639
39.832125368	116.3422272
39.832125561	116.34222806
39.832125731	116.34222892
39.832125893	116.34222978
39.832126054	116.34223066
39.832126204	116.34223157
39.832126346	116.34223252
39.832126209	116.34223337
39.832126347	116.34223433
39.832126475	116.3422353
39.83212659	116.3422363
39.832126706	116.34223731
39.832126829	116.34223832
39.832126936	116.34223934
39.832127028	116.34224039
39.832127059	116.34224153
39.832127005	116.34224274
39.832126893	116.34224395
39.832126801	116.34224506
39.832126785	116.34224608
39.832126837	116.34224712
39.83212685	116.34224835
39.832126868	116.34224964
39.832126938	116.34225078
39.832127002	116.34225177
39.832127008	116.3422529
39.83212698	116.34225416
39.832127087	116.34225568
39.832127023	116.34225685
39.832126926	116.34225792
39.832126843	116.34225911
39.832126788	116.34226039
39.832126744	116.34226165
39.832126725	116.34226285
39.832126737	116.342264
39.832126742	116.34226523
39.832126723	116.34226648
39.832126684	116.34226775
39.832126642	116.34226897
39.832126591	116.3422702
39.832126542	116.34227145
39.832126506	116.34227275
39.832126482	116.34227405
39.832126465	116.34227533
39.832126451	116.3422766
39.832126429	116.34227791
39.832126385	116.34227926
39.832126418	116.34228102
39.832126366	116.34228239
39.832126314	116.34228374
39.832126272	116.3422851
39.832126235	116.34228648
39.832126202	116.34228788
39.832126177	116.34228929
39.832126157	116.3422907
39.832126144	116.34229213
39.832126137	116.34229356
39.832126127	116.34229504
39.832126107	116.3422965
39.83212609	116.34229797
39.83212607	116.34229944
39.832126042	116.34230094
39.832126022	116.34230244
39.832126003	116.34230396
39.832125989	116.34230549
39.832125986	116.34230704
39.832125988	116.3423086
39.832126045	116.34230977
39.832126053	116.34231134
39.832126066	116.34231293
39.832126089	116.34231452
39.832126108	116.34231612
39.832126121	116.34231773
39.832126131	116.34231936
39.832126132	116.342321
39.832126124	116.34232265
39.832126111	116.3423243
39.832126094	116.34232593
39.832126073	116.34232758
39.832126058	116.34232926
39.832126054	116.34233095
39.832126052	116.34233262
39.832126046	116.34233427
39.832126039	116.34233593
39.832126023	116.34233761
39.832125999	116.34233931
39.832125969	116.342341
39.832126028	116.34234223
39.832125995	116.34234391
39.832125969	116.34234559
39.832125952	116.34234726
39.832125934	116.34234893
39.832125915	116.34235062
39.832125902	116.34235233
39.832125872	116.34235403
39.832125824	116.34235572
39.832125777	116.34235741
39.832125733	116.34235908
39.832125679	116.34236074
39.832125627	116.34236239
39.832125589	116.34236405
39.832125567	116.34236569
39.832125551	116.3423673
39.832125543	116.34236892
39.832125552	116.34237054
39.832125562	116.34237221
39.832125546	116.34237383
39.832125568	116.34237538
39.832125533	116.3423769
39.832125461	116.34237842
39.832125379	116.34237998
39.832125318	116.34238158
39.832125284	116.34238315
39.832125272	116.34238467
39.832125281	116.34238616
39.832125334	116.34238764
39.832125413	116.34238909
39.832125448	116.34239064
39.83212544	116.3423922
39.832125406	116.34239372
39.832125323	116.34239519
39.832125217	116.34239662
39.832125136	116.34239805
39.832125099	116.34239949
39.832125094	116.34240093
39.832125109	116.34240236
39.832125148	116.34240377
39.832125253	116.34240533
39.83212526	116.34240672
39.832125244	116.34240812
39.832125211	116.34240952
39.832125168	116.3424109
39.832125121	116.34241224
39.832125083	116.34241356
39.832125067	116.3424149
39.832125059	116.34241623
39.832125047	116.34241754
39.832125038	116.34241883
39.832125036	116.34242016
39.832125029	116.3424215
39.832125019	116.34242281
39.832125013	116.34242409
39.832125002	116.34242534
39.832124981	116.34242661
39.832124956	116.34242788
39.832124937	116.34242914
39.832124923	116.34243037
39.832125118	116.34243167
39.832125116	116.3424329
39.832125105	116.34243414
39.832125094	116.34243536
39.832125085	116.34243652
39.832125079	116.34243766
39.832125077	116.34243883
39.832125082	116.34244002
39.832125087	116.34244121
39.832125089	116.34244235
39.83212509	116.34244346
39.832125091	116.34244459
39.832125097	116.34244573
39.832125106	116.34244688
39.832125116	116.34244798
39.832125123	116.34244906
39.832125124	116.34245015
39.832125117	116.34245127
39.832125106	116.34245238
39.832125093	116.34245345
39.8321249	116.3424545
39.832124887	116.34245555
39.832124881	116.34245663
39.832124878	116.34245769
39.832124883	116.34245874
39.832124897	116.34245976
39.832124911	116.34246078
39.83212492	116.34246179
39.832124923	116.3424628
39.832124921	116.34246378
39.832124914	116.34246475
39.832124907	116.34246572
39.832124902	116.34246668
39.832124898	116.34246764
39.832124895	116.34246859
39.832124894	116.34246954
39.832124891	116.3424705
39.832124883	116.34247145
39.832124875	116.34247239
39.832124864	116.34247334
39.832124839	116.34247422
39.832124831	116.34247517
39.83212483	116.34247612
39.832124835	116.34247707
39.832124839	116.34247803
39.832124836	116.34247901
39.832124828	116.34248002
39.832124817	116.34248104
39.832124804	116.34248206
39.832124792	116.34248308
39.832124783	116.34248412
39.832124783	116.34248519
39.832124786	116.34248627
39.832124789	116.34248736
39.832124788	116.34248846
39.832124777	116.34248959
39.832124755	116.34249075
39.832124728	116.34249194
39.832124699	116.34249314
39.832124679	116.34249436
39.832124732	116.34249565
39.832124725	116.34249691
39.832124723	116.34249819
39.83212472	116.34249953
39.832124713	116.34250091
39.832124705	116.34250231
39.832124697	116.34250373
39.832124688	116.34250519
39.832124669	116.3425067
39.832124643	116.34250826
39.832124621	116.34250982
39.832124604	116.34251142
39.832124591	116.34251306
39.832124582	116.34251475
39.832124571	116.34251646
39.832124561	116.3425182
39.832124546	116.34252
39.832124529	116.34252182
39.832124504	116.34252369
39.832124473	116.3425256
39.83212462	116.34252759
39.832124611	116.34252953
39.832124603	116.34253148
39.832124594	116.34253346
39.832124588	116.34253544
39.832124576	116.3425374
39.832124562	116.34253933
39.832124544	116.34254128
39.832124539	116.34254328
39.832124546	116.34254527
39.832124549	116.3425472
39.83212455	116.3425491
39.832124548	116.34255103
39.832124538	116.34255299
39.832124517	116.34255492
39.832124492	116.34255681
39.832124471	116.34255867
39.832124471	116.34256053
39.832124485	116.3425624
39.832124496	116.34256425
39.83212439	116.34256596
39.832124377	116.3425678
39.832124358	116.34256963
39.832124338	116.34257145
39.832124317	116.34257327
39.83212429	116.34257508
39.832124268	116.3425769
39.832124258	116.34257868
39.832124252	116.34258046
39.832124245	116.34258225
39.832124235	116.34258406
39.832124219	116.34258588
39.832124202	116.34258769
39.83212419	116.34258949
39.832124177	116.34259131
39.83212417	116.34259314
39.83212417	116.34259498
39.832124175	116.34259682
39.832124177	116.34259862
39.832124169	116.34260045
39.83212428	116.34260239
39.832124259	116.34260429
39.832124244	116.34260617
39.832124238	116.34260805
39.832124237	116.34260992
39.832124236	116.34261178
39.832124234	116.34261365
39.832124231	116.34261552
39.832124222	116.34261738
39.832124208	116.34261924
39.832124199	116.34262107
39.83212419	116.34262287
39.832124189	116.3426247
39.832124191	116.34262655
39.832124181	116.34262838
39.83212417	116.34263018
39.832124158	116.34263199
39.832124142	116.34263382
39.832124123	116.34263564
39.832124113	116.34263744
39.832124096	116.34263914
39.832124087	116.34264095
39.832124083	116.34264275
39.832124082	116.34264454
39.832124081	116.34264635
39.832124075	116.34264815
39.832124063	116.34264997
39.832124044	116.34265181
39.832124022	116.34265365
39.832124002	116.34265546
39.832123991	116.34265728
39.832123985	116.3426591
39.832123992	116.34266098
39.832124004	116.34266286
39.832124011	116.34266468
39.832124014	116.3426665
39.832124014	116.34266832
39.832124005	116.34267019
39.832123981	116.34267208
39.83212396	116.34267393
39.832123894	116.34267591
39.832123906	116.34267771
39.832123939	116.34267951
39.832123964	116.34268141
39.832123971	116.34268329
39.832123967	116.34268512
39.832123952	116.3426869
39.832123922	116.34268872
39.832123898	116.34269058
39.832123882	116.34269242
39.832123882	116.34269421
39.832123901	116.34269597
39.832123921	116.34269777
39.832123928	116.3426996
39.832123921	116.34270142
39.832123916	116.34270318
39.832123907	116.34270493
39.832123903	116.34270671
39.832123911	116.34270849
39.832123918	116.34271024
39.832123944	116.34271203
39.832123937	116.34271376
39.832123924	116.3427155
39.832123906	116.34271723
39.832123896	116.34271894
39.832123895	116.34272067
39.832123897	116.34272245
39.832123904	116.34272418
39.832123915	116.34272586
39.832123922	116.34272751
39.832123918	116.34272921
39.832123905	116.34273094
39.832123893	116.34273266
39.832123881	116.34273433
39.832123869	116.34273594
39.832123855	116.34273758
39.832123844	116.34273923
39.832123839	116.3427409
39.832123838	116.34274253
39.832123847	116.34274413
39.832123796	116.34274569
39.832123797	116.3427473
39.832123795	116.34274893
39.832123786	116.34275053
39.832123771	116.34275209
39.832123755	116.34275364
39.832123743	116.34275522
39.832123732	116.34275681
39.832123727	116.34275839
39.832123732	116.34275993
39.832123744	116.34276145
39.832123757	116.34276297
39.832123768	116.34276451
39.832123769	116.34276605
39.832123764	116.34276756
39.832123755	116.34276905
39.832123749	116.34277054
39.832123746	116.34277202
39.832123739	116.34277349
39.832123734	116.34277495
39.832123796	116.34277637
39.832123797	116.34277783
39.832123802	116.34277928
39.832123816	116.34278072
39.832123835	116.34278218
39.832123853	116.34278363
39.832123863	116.34278505
39.832123865	116.34278646
39.832123863	116.34278786
39.832123855	116.34278927
39.832123844	116.34279067
39.832123837	116.34279204
39.832123836	116.3427934
39.832123844	116.34279477
39.832123861	116.34279615
39.832123881	116.34279752
39.832123902	116.34279883
39.832123919	116.34280013
39.832123925	116.34280149
39.832123924	116.34280285
39.832123906	116.34280417
39.832123895	116.34280542
39.832123888	116.3428067
39.832123887	116.342808
39.832123893	116.34280931
39.832123902	116.34281059
39.832123914	116.34281186
39.832123926	116.34281312
39.832123931	116.34281438
39.832123934	116.34281563
39.832123929	116.34281686
39.832123922	116.34281811
39.832123928	116.34281936
39.832123943	116.34282061
39.832123968	116.34282183
39.83212404	116.3428231
39.832124138	116.34282436
39.832124214	116.34282555
39.832124259	116.34282664
39.832124282	116.34282769
39.832124188	116.34282897
39.832124098	116.34283001
39.832123991	116.34283098
39.832123903	116.34283193
39.83212384	116.34283288
39.832123814	116.34283383
39.832123834	116.34283474
39.832123886	116.34283556
39.832123943	116.34283634
39.832123985	116.34283713
39.832124011	116.34283794
39.832124038	116.34283872
39.832124075	116.34283942
39.832124139	116.34284001
39.832124203	116.34284065
39.832124246	116.34284133
39.832124266	116.342842
39.832124257	116.34284258
39.832124222	116.3428431
39.832124182	116.34284362
39.832124218	116.34284414
39.832124193	116.34284465
39.832124159	116.34284514
39.832124119	116.34284559
39.832124086	116.34284598
39.832124059	116.3428463
39.832124036	116.34284659
39.83212403	116.34284689
39.832124045	116.34284716
39.83212407	116.34284739
39.832124092	116.34284758
39.832124114	116.34284776
39.832124134	116.34284794
39.832124144	116.34284809
39.832124146	116.3428482
39.832124146	116.34284828
39.832124148	116.34284834
39.832124151	116.3428484
39.832124157	116.34284844
39.83212417	116.34284844
39.832124005	116.34284849
39.832124012	116.34284847
39.832124018	116.34284845
39.832124021	116.34284844
39.832124019	116.34284845
39.832124016	116.34284846
39.832124013	116.34284847
39.832124012	116.34284846
39.832124014	116.34284845
39.83212402	116.34284844
39.832124025	116.34284845
39.832124028	116.34284845
39.832124029	116.34284845
39.832124028	116.34284845
39.832124026	116.34284844
39.832124025	116.34284844
39.832124026	116.34284844
39.832124028	116.34284844
39.832124031	116.34284844
39.832124033	116.34284843
39.832124002	116.34284851
39.832124	116.34284851
39.832123998	116.34284852
39.832123996	116.34284852
39.832123995	116.34284852
39.832123995	116.34284852
39.832123995	116.34284852
39.832123995	116.34284853
39.832123994	116.34284853
39.832123992	116.34284853
39.83212399	116.34284853
39.832123987	116.34284853
39.832123986	116.34284853
39.832123985	116.34284854
39.832123984	116.34284854
39.832123984	116.34284854
39.832123982	116.34284854
39.83212398	116.34284854
39.832123977	116.34284854
39.832123975	116.34284855
39.832123983	116.34284846
39.832123982	116.34284846
39.832123982	116.34284846
39.832123981	116.34284846
39.832123979	116.34284845
39.832123978	116.34284845
39.832123976	116.34284845
39.832123974	116.34284845
39.832123972	116.34284844
39.832123971	116.34284844
39.832123969	116.34284844
39.832123968	116.34284844
39.832123966	116.34284843
39.832123964	116.34284843
39.832123962	116.34284843
39.83212396	116.34284843
39.832123959	116.34284842
39.832123957	116.34284842
39.832123956	116.34284842
39.832123953	116.34284841
39.832123974	116.34284845
39.832123973	116.34284844
39.832123971	116.34284844
39.83212397	116.34284844
39.83212397	116.34284844
39.832123969	116.34284844
39.832123968	116.34284844
39.832123967	116.34284843
39.832123965	116.34284843
39.832123964	116.34284843
39.832123963	116.34284843
39.832123962	116.34284843
39.832123961	116.34284843
39.83212396	116.34284842
39.832123959	116.34284842
39.832123957	116.34284842
39.832123956	116.34284842
39.832123954	116.34284842
39.832123953	116.34284842
39.832123951	116.34284841
39.832123982	116.34284845
39.832123982	116.34284845
39.832123982	116.34284845
39.832123982	116.34284845
39.832123982	116.34284846
39.832123982	116.34284846
39.832123982	116.34284845
39.832123982	116.34284845
39.832123982	116.34284845
39.832123982	116.34284845
39.832123982	116.34284845
39.832123982	116.34284845
39.832123982	116.34284845
39.832123982	116.34284845
39.832123981	116.34284845
39.832123981	116.34284845
39.832123981	116.34284845
39.832123981	116.34284845
39.832123981	116.34284845
39.832123981	116.34284845
39.832124	116.34284848
39.832124001	116.34284848
39.832124001	116.34284848
39.832124002	116.34284848
39.832124003	116.34284848
39.832124004	116.34284848
39.832124004	116.34284848
39.832124005	116.34284848
