39.832040879	116.34328771
39.83204088	116.34328771
39.832040881	116.34328771
39.832040882	116.34328771
39.832040883	116.34328771
39.832040884	116.34328771
39.832040885	116.34328771
39.832040887	116.3432877
39.832040888	116.3432877
39.832040889	116.3432877
39.83204089	116.3432877
39.832040891	116.3432877
39.832040892	116.3432877
39.832040894	116.3432877
39.832040895	116.3432877
39.832040896	116.3432877
39.832040897	116.34328769
39.832040898	116.34328769
39.8320409	116.34328769
39.8320408	116.34328775
39.832040797	116.34328775
39.832040793	116.34328775
39.83204079	116.34328775
39.832040787	116.34328776
39.832040783	116.34328776
39.832040779	116.34328776
39.832040775	116.34328776
39.832040771	116.34328776
39.832040765	116.34328776
39.832040756	116.34328777
39.832040747	116.34328777
39.832040737	116.34328777
39.832040725	116.34328777
39.83204071	116.34328777
39.832040694	116.34328777
39.832040675	116.34328778
39.832040654	116.34328778
39.83204063	116.34328778
39.832040603	116.34328778
39.832040658	116.34328771
39.832040631	116.34328771
39.832040601	116.34328771
39.832040569	116.34328771
39.832040533	116.34328771
39.832040494	116.3432877
39.83204045	116.3432877
39.832040401	116.3432877
39.832040347	116.3432877
39.832040291	116.3432877
39.832040237	116.3432877
39.832040188	116.3432877
39.832040147	116.3432877
39.832040116	116.3432877
39.832040096	116.34328769
39.832040083	116.34328769
39.832040079	116.34328769
39.832040086	116.34328768
39.832040099	116.34328769
39.832040116	116.34328769
39.832040136	116.34328774
39.832040154	116.34328775
39.832040171	116.34328775
39.832040188	116.34328775
39.832040202	116.34328775
39.832040216	116.34328775
39.83204023	116.34328775
39.832040247	116.34328775
39.832040265	116.34328775
39.832040281	116.34328775
39.832040293	116.34328775
39.832040299	116.34328776
39.832040296	116.34328776
39.832040286	116.34328776
39.832040275	116.34328776
39.83204026	116.34328776
39.832040239	116.34328776
39.832040214	116.34328776
39.832040188	116.34328776
39.832040158	116.34328776
39.832040117	116.34328776
39.83204003	116.34328774
39.832039963	116.34328774
39.832039885	116.34328774
39.832039798	116.34328774
39.832039704	116.34328774
39.8320396	116.34328774
39.832039484	116.34328774
39.832039349	116.34328774
39.832039195	116.34328774
39.832039021	116.34328774
39.832038833	116.34328775
39.832038634	116.34328776
39.832038423	116.34328776
39.832038196	116.34328776
39.832037953	116.34328775
39.832037697	116.34328774
39.832037427	116.34328773
39.832037144	116.34328773
39.832036852	116.34328773
39.832036519	116.34328764
39.832036205	116.34328764
39.832035881	116.34328764
39.832035548	116.34328763
39.832035208	116.34328762
39.832034863	116.34328761
39.832034512	116.34328761
39.832034156	116.3432876
39.83203379	116.3432876
39.832033414	116.34328761
39.832033029	116.34328761
39.832032635	116.3432876
39.832032228	116.34328759
39.832031809	116.34328757
39.832031382	116.34328753
39.832030945	116.3432875
39.832030495	116.34328748
39.832030031	116.34328747
39.832029557	116.34328746
39.832029073	116.34328746
39.832028579	116.34328746
39.832028134	116.3432875
39.832027616	116.34328748
39.832027077	116.34328745
39.832026514	116.34328742
39.832025937	116.34328739
39.832025368	116.34328738
39.832024793	116.34328737
39.832024202	116.34328736
39.832023589	116.34328736
39.832022962	116.34328735
39.832022326	116.34328733
39.832021683	116.34328731
39.832021034	116.34328729
39.832020377	116.34328729
39.832019711	116.34328728
39.832019029	116.34328726
39.832018329	116.34328723
39.832017616	116.3432872
39.832016901	116.34328717
39.832016178	116.34328714
39.832015287	116.34328722
39.832014529	116.34328722
39.832013773	116.34328723
39.832013001	116.34328725
39.832012207	116.34328727
39.83201139	116.34328728
39.832010566	116.34328726
39.832009754	116.34328724
39.832008946	116.34328722
39.832008104	116.3432872
39.832007214	116.34328718
39.832006311	116.34328716
39.832005422	116.34328715
39.832004547	116.34328713
39.832003659	116.34328712
39.832002751	116.34328712
39.832001834	116.34328711
39.832000914	116.34328712
39.831999978	116.34328713
39.831999041	116.34328714
39.83199819	116.34328691
39.831997253	116.3432869
39.831996288	116.3432869
39.831995306	116.3432869
39.831994336	116.34328691
39.831993366	116.34328691
39.831992382	116.34328691
39.831991366	116.3432869
39.831990339	116.3432869
39.831989316	116.34328689
39.831988292	116.34328689
39.831987245	116.34328689
39.831986182	116.3432869
39.831985113	116.34328691
39.831984052	116.34328691
39.831982989	116.34328692
39.831981904	116.34328694
39.831980791	116.34328696
39.831979678	116.34328697
39.831978714	116.34328714
39.831977625	116.34328715
39.831976535	116.34328717
39.831975428	116.34328719
39.831974312	116.34328723
39.831973192	116.34328726
39.831972083	116.3432873
39.831970972	116.34328732
39.831969855	116.34328735
39.831968716	116.34328737
39.831967554	116.34328736
39.831966393	116.34328734
39.831965259	116.34328734
39.831964148	116.34328735
39.831963025	116.3432874
39.831961884	116.34328748
39.831960732	116.34328757
39.831959569	116.34328765
39.831958414	116.3432877
39.831957252	116.34328775
39.83195607	116.3432878
39.831954862	116.34328762
39.831953737	116.34328758
39.831952587	116.34328755
39.831951411	116.34328756
39.831950202	116.3432876
39.831948994	116.34328766
39.831947803	116.34328775
39.831946643	116.34328784
39.831945494	116.34328789
39.831944341	116.34328793
39.831943171	116.34328799
39.831941951	116.34328803
39.831940728	116.34328803
39.831939529	116.343288
39.831938375	116.343288
39.83193721	116.34328801
39.831936023	116.34328803
39.831934819	116.34328805
39.831933649	116.34328807
39.831932511	116.34328809
39.831931349	116.3432881
39.831930144	116.34328812
39.831928951	116.34328813
39.831927782	116.34328814
39.831926626	116.34328814
39.831925462	116.34328813
39.831924282	116.34328813
39.831923093	116.34328812
39.831921902	116.3432881
39.831920713	116.34328808
39.831919517	116.34328806
39.831918312	116.34328806
39.83191711	116.34328807
39.831915899	116.34328807
39.831914689	116.34328806
39.831913477	116.34328803
39.831912255	116.34328799
39.831911017	116.34328795
39.831909778	116.34328791
39.831908586	116.34328796
39.831907378	116.34328794
39.831906142	116.34328792
39.831904879	116.34328792
39.831903613	116.34328791
39.83190236	116.34328789
39.83190111	116.34328787
39.831899844	116.34328786
39.831898564	116.34328784
39.831897292	116.3432878
39.831896034	116.34328775
39.831894775	116.3432877
39.831893508	116.34328764
39.831892206	116.34328759
39.83189089	116.34328755
39.831889606	116.3432875
39.83188836	116.34328745
39.831887092	116.34328742
39.831885759	116.34328738
39.8318844	116.34328732
39.831883062	116.34328722
39.831881792	116.34328713
39.831880511	116.34328705
39.831879175	116.34328698
39.831877812	116.34328692
39.831876472	116.34328685
39.831875175	116.34328679
39.831873879	116.34328673
39.831872571	116.34328665
39.831871221	116.34328656
39.831869883	116.34328646
39.831868559	116.34328635
39.831867247	116.34328626
39.831865933	116.34328617
39.831864613	116.34328609
39.831863287	116.34328602
39.831861969	116.34328594
39.831860666	116.34328586
39.831859369	116.34328577
39.831858069	116.34328566
39.831856726	116.34328539
39.831855439	116.34328523
39.83185414	116.34328508
39.831852854	116.34328492
39.831851574	116.34328474
39.831850302	116.34328456
39.831849008	116.34328438
39.831847711	116.34328422
39.83184642	116.34328404
39.831845169	116.34328386
39.831843924	116.34328369
39.831842629	116.34328353
39.8318413	116.34328335
39.831839978	116.34328317
39.831838703	116.34328299
39.831837433	116.34328282
39.831836143	116.34328263
39.831834815	116.34328245
39.831833489	116.34328228
39.831832189	116.34328211
39.831830848	116.34328208
39.831829544	116.34328194
39.831828232	116.34328179
39.831826915	116.34328164
39.831825616	116.3432815
39.831824311	116.34328136
39.831822992	116.34328121
39.831821653	116.34328106
39.831820327	116.34328093
39.831819013	116.3432808
39.831817683	116.34328068
39.831816321	116.34328056
39.831814961	116.34328046
39.831813617	116.34328034
39.8318123	116.34328022
39.831810975	116.34328011
39.831809625	116.34328002
39.831808246	116.34327994
39.831806902	116.34327986
39.831805593	116.34327979
39.831804269	116.34327973
39.831802817	116.34327962
39.831801443	116.34327955
39.831800099	116.34327947
39.83179877	116.3432794
39.83179743	116.34327934
39.831796069	116.34327928
39.831794721	116.34327922
39.831793372	116.34327917
39.831792027	116.34327912
39.831790648	116.34327908
39.83178926	116.34327901
39.831787876	116.34327893
39.831786517	116.34327886
39.831785159	116.34327878
39.831783788	116.34327871
39.831782398	116.34327864
39.831781007	116.34327859
39.831779639	116.34327853
39.831778298	116.34327846
39.83177696	116.34327838
39.831775593	116.34327826
39.831774206	116.34327817
39.831772843	116.34327809
39.831771521	116.34327801
39.83177018	116.34327794
39.831768813	116.34327789
39.831767433	116.34327784
39.831766052	116.34327777
39.831764694	116.34327768
39.831763347	116.34327759
39.831761996	116.3432775
39.831760618	116.34327741
39.83175923	116.34327732
39.831757838	116.34327724
39.831756491	116.34327716
39.831755171	116.34327708
39.83175382	116.343277
39.831752435	116.34327693
39.831751071	116.34327683
39.831749908	116.34327685
39.831748624	116.34327677
39.831747324	116.34327668
39.831746003	116.34327659
39.831744672	116.34327651
39.831743354	116.34327643
39.83174205	116.34327637
39.831740746	116.3432763
39.831739422	116.34327623
39.831738083	116.34327616
39.831736749	116.34327608
39.831735436	116.343276
39.831734143	116.34327592
39.831732861	116.34327584
39.831731594	116.34327577
39.831730301	116.34327571
39.831728985	116.34327568
39.831727685	116.34327565
39.831726426	116.34327561
39.831725213	116.34327559
39.831723984	116.34327556
39.831722536	116.34327531
39.831721202	116.34327524
39.83171991	116.34327518
39.83171872	116.34327511
39.831717566	116.34327507
39.831716309	116.34327505
39.831715011	116.34327504
39.831713725	116.34327502
39.831712551	116.34327499
39.831711406	116.34327497
39.831710211	116.34327494
39.831708983	116.3432749
39.831707754	116.34327488
39.831706577	116.34327486
39.831705413	116.34327487
39.831704241	116.34327489
39.831703049	116.34327492
39.831701873	116.34327494
39.831700733	116.34327494
39.831699512	116.34327519
39.831698348	116.34327519
39.831697178	116.34327518
39.831696044	116.34327518
39.831694939	116.34327518
39.83169383	116.3432752
39.831692701	116.34327526
39.831691582	116.34327532
39.831690487	116.34327539
39.831689413	116.34327545
39.831688319	116.3432755
39.831687193	116.34327553
39.831686075	116.34327554
39.831685001	116.34327557
39.831683965	116.3432756
39.831682902	116.34327563
39.831681812	116.34327566
39.831680731	116.34327571
39.831679698	116.34327578
39.831678678	116.34327585
39.83167779	116.34327569
39.83167674	116.34327574
39.831675715	116.34327576
39.831674729	116.34327577
39.831673753	116.34327578
39.831672763	116.34327582
39.831671764	116.34327588
39.831670772	116.34327595
39.831669802	116.34327602
39.831668843	116.34327609
39.831667871	116.34327615
39.831666894	116.34327622
39.831665932	116.34327628
39.831664995	116.34327633
39.831664057	116.34327636
39.831663111	116.34327638
39.831662171	116.3432764
39.831661249	116.34327644
39.831660332	116.3432765
39.831659414	116.34327658
39.831658564	116.34327674
39.831657655	116.34327681
39.831656752	116.34327687
39.831655839	116.34327692
39.831654905	116.34327698
39.831653963	116.34327706
39.831653037	116.34327714
39.831652118	116.34327722
39.831651179	116.34327728
39.831650226	116.34327734
39.831649279	116.3432774
39.831648349	116.34327747
39.831647423	116.34327754
39.831646479	116.34327763
39.831645514	116.3432777
39.831644552	116.34327775
39.831643607	116.34327779
39.831642661	116.34327782
39.831641688	116.34327786
39.831640702	116.34327792
39.831639719	116.34327798
39.831638669	116.34327812
39.831637688	116.34327819
39.831636686	116.34327826
39.831635673	116.34327832
39.831634673	116.34327839
39.831633677	116.34327846
39.831632659	116.34327852
39.831631629	116.34327856
39.831630595	116.34327859
39.831629574	116.34327862
39.831628553	116.34327864
39.83162753	116.34327867
39.831626497	116.34327871
39.831625474	116.34327877
39.83162446	116.34327883
39.831623438	116.34327889
39.831622414	116.34327895
39.831621391	116.343279
39.831620378	116.34327903
39.831619367	116.34327905
39.831618173	116.34327916
39.831617138	116.34327917
39.831616087	116.3432792
39.831615034	116.34327923
39.831613985	116.34327928
39.831612944	116.34327934
39.831611895	116.34327941
39.831610823	116.3432795
39.831609736	116.34327959
39.831608711	116.34327962
39.83160775	116.34327956
39.831606771	116.34327947
39.831605741	116.34327938
39.831604684	116.34327928
39.831603664	116.34327923
39.831602705	116.34327924
39.831601769	116.34327931
39.831600797	116.3432794
39.831599782	116.34327949
39.831599036	116.34327937
39.831598115	116.34327944
39.83159722	116.34327949
39.831596228	116.34327944
39.831595193	116.34327929
39.831594219	116.3432791
39.83159336	116.34327893
39.831592487	116.3432788
39.831591532	116.34327872
39.831590544	116.34327869
39.831589587	116.34327871
39.831588709	116.34327875
39.831587796	116.34327875
39.831586867	116.34327874
39.831585914	116.34327871
39.831584985	116.34327869
39.831584071	116.34327866
39.831583141	116.34327864
39.831582194	116.34327861
39.83158125	116.34327856
39.831580301	116.34327851
39.831579195	116.34327867
39.831578202	116.34327863
39.831577222	116.34327858
39.831576253	116.34327853
39.831575265	116.34327849
39.831574252	116.34327845
39.831573228	116.34327843
39.831572221	116.34327841
39.831571234	116.3432784
39.831570232	116.34327838
39.831569203	116.34327835
39.831568169	116.3432783
39.831567156	116.34327824
39.831566141	116.34327817
39.831565106	116.34327811
39.831564059	116.34327804
39.831563027	116.34327799
39.831562022	116.34327793
39.831561029	116.34327789
39.831560016	116.34327786
39.831558833	116.34327795
39.831557802	116.34327794
39.83155679	116.34327794
39.831555786	116.34327792
39.831554768	116.34327789
39.831553728	116.34327783
39.8315527	116.34327778
39.831551696	116.34327771
39.831550682	116.34327766
39.831549644	116.3432776
39.831548604	116.34327755
39.831547575	116.3432775
39.831546548	116.34327746
39.831545508	116.34327743
39.831544452	116.34327739
39.831543414	116.34327735
39.831542405	116.34327731
39.831541388	116.34327727
39.831540341	116.34327722
39.831539285	116.34327717
39.831538509	116.34327685
39.831537514	116.34327678
39.831536523	116.3432767
39.831535514	116.34327662
39.831534498	116.34327654
39.83153351	116.34327647
39.831532552	116.3432764
39.831531578	116.34327636
39.831530569	116.34327633
39.831529546	116.34327632
39.83152854	116.34327632
39.831527539	116.34327636
39.831526529	116.34327639
39.831525542	116.34327638
39.831524576	116.34327633
39.831523632	116.34327625
39.831522731	116.34327612
39.831521846	116.34327595
39.831520914	116.34327579
39.831519869	116.34327579
39.831518892	116.34327571
39.83151795	116.34327568
39.831517016	116.3432757
39.831516054	116.34327577
39.831515073	116.34327587
39.831514116	116.34327598
39.831513129	116.34327602
39.831512118	116.34327596
39.831511085	116.34327584
39.831510021	116.34327564
39.831508962	116.34327542
39.831507953	116.34327522
39.831506962	116.34327507
39.831505946	116.34327498
39.831504899	116.34327493
39.831503849	116.34327493
39.831502838	116.34327497
39.831501841	116.34327499
39.831500832	116.34327498
39.831499807	116.34327492
39.831498681	116.34327481
39.831497708	116.3432747
39.831496745	116.34327462
39.831495773	116.34327458
39.831494794	116.34327456
39.831493817	116.34327456
39.831492866	116.34327456
39.831491932	116.34327455
39.831491003	116.34327453
39.831490056	116.34327451
39.831489094	116.34327449
39.831488144	116.34327448
39.831487223	116.34327447
39.831486312	116.34327446
39.831485394	116.34327444
39.831484468	116.34327443
39.831483545	116.34327443
39.83148262	116.34327443
39.831481686	116.34327444
39.831480734	116.34327421
39.831479817	116.34327421
39.83147889	116.34327422
39.831477949	116.34327422
39.831477	116.34327423
39.831476053	116.34327423
39.831475097	116.34327424
39.83147413	116.34327425
39.831473158	116.34327425
39.831472178	116.34327426
39.831471192	116.34327428
39.831470209	116.34327428
39.831469217	116.34327429
39.831468211	116.3432743
39.8314672	116.34327433
39.83146619	116.34327436
39.831465175	116.3432744
39.831464151	116.34327444
39.831463117	116.34327447
39.831462079	116.3432745
39.831461034	116.34327454
39.831460161	116.34327471
39.831459116	116.34327476
39.831458072	116.34327481
39.831457021	116.34327486
39.831455966	116.34327491
39.831454917	116.34327497
39.831453871	116.34327503
39.831452837	116.34327508
39.831451798	116.34327513
39.831450743	116.34327519
39.831449667	116.34327525
39.831448581	116.34327531
39.831447509	116.34327536
39.831446447	116.34327542
39.831445383	116.34327547
39.831444293	116.34327552
39.831443183	116.34327556
39.831442084	116.34327561
39.831441	116.34327565
39.831439789	116.34327567
39.83143869	116.34327569
39.831437605	116.34327571
39.831436535	116.34327573
39.831435453	116.34327574
39.831434362	116.34327575
39.831433289	116.34327576
39.83143225	116.34327577
39.831431208	116.34327577
39.831430148	116.34327576
39.831429086	116.34327575
39.831428043	116.34327573
39.831427012	116.3432757
39.831425955	116.34327567
39.831424906	116.34327563
39.831423875	116.34327557
39.83142286	116.34327551
39.83142182	116.34327545
39.831420775	116.34327538
39.831419735	116.34327529
39.831418816	116.34327529
39.831417787	116.34327518
39.831416759	116.34327505
39.831415729	116.34327492
39.8314147	116.34327479
39.831413667	116.34327465
39.831412635	116.3432745
39.831411605	116.34327434
39.831410577	116.34327416
39.83140954	116.34327398
39.83140851	116.34327379
39.83140748	116.34327359
39.831406448	116.34327338
39.831405409	116.34327317
39.831404363	116.34327293
39.831403319	116.34327268
39.831402278	116.34327242
39.831401237	116.34327215
39.831400197	116.34327187
39.831399148	116.34327157
39.831398048	116.34327096
39.831397007	116.34327064
39.831395967	116.34327031
39.831394916	116.34326996
39.831393867	116.3432696
39.831392827	116.34326924
39.831391791	116.34326888
39.831390744	116.3432685
39.831389677	116.34326811
39.831388603	116.34326771
39.83138755	116.3432673
39.831386522	116.34326689
39.831385491	116.34326646
39.831384446	116.34326601
39.831383395	116.34326554
39.831382358	116.34326506
39.83138133	116.34326457
39.831380302	116.34326409
39.831379269	116.34326361
39.83137823	116.34326312
39.831377324	116.34326257
39.831376288	116.34326206
39.831375261	116.34326154
39.831374242	116.34326099
39.831373236	116.34326043
39.83137223	116.34325987
39.831371212	116.3432593
39.831370187	116.34325872
39.83136916	116.34325815
39.831368138	116.34325759
39.831367113	116.34325702
39.831366081	116.34325643
39.83136505	116.34325583
39.831364026	116.34325523
39.831363013	116.34325465
39.831362001	116.34325406
39.831360978	116.34325347
39.831359948	116.34325287
39.831358919	116.34325226
39.831357899	116.34325165
39.831356884	116.34325103
39.831355738	116.34325051
39.831354719	116.34324988
39.831353694	116.34324923
39.831352653	116.34324858
39.831351613	116.34324795
39.831350584	116.34324734
39.831349558	116.34324674
39.831348519	116.34324613
39.831347474	116.34324551
39.831346441	116.34324488
39.831345432	116.34324425
39.831344427	116.34324361
39.831343404	116.34324296
39.83134237	116.34324229
39.831341347	116.34324165
39.831340342	116.34324102
39.831339335	116.34324041
39.831338308	116.34323978
39.831337281	116.34323914
39.831336174	116.34323883
39.831335163	116.34323822
39.83133414	116.34323761
39.831333113	116.34323698
39.831332098	116.34323636
39.831331085	116.34323575
39.831330069	116.34323513
39.831329053	116.34323451
39.831328054	116.34323391
39.831327061	116.34323332
39.831326059	116.34323272
39.831325046	116.34323211
39.831324034	116.34323152
39.831323032	116.34323095
39.831322043	116.34323038
39.831321052	116.34322981
39.83132005	116.34322923
39.831319045	116.34322865
39.831318044	116.34322807
39.831317056	116.3432275
39.831316073	116.34322662
39.831315076	116.34322606
39.831314068	116.3432255
39.831313059	116.34322494
39.831312067	116.34322438
39.831311087	116.34322383
39.831310106	116.34322324
39.831309097	116.34322263
39.831308085	116.34322202
39.831307076	116.34322143
39.831306087	116.34322088
39.831305091	116.34322034
39.831304064	116.34321982
39.831303008	116.34321929
39.831301968	116.34321878
39.83130093	116.34321826
39.831299875	116.34321772
39.831298808	116.34321716
39.831297764	116.34321658
39.831296702	116.34321598
39.831295527	116.34321541
39.831294411	116.34321485
39.831293311	116.34321432
39.831292213	116.34321382
39.831291092	116.34321335
39.831289944	116.34321287
39.831288794	116.34321237
39.831287649	116.34321188
39.83128651	116.3432114
39.831285361	116.34321091
39.831284202	116.34321042
39.831283031	116.34320994
39.831281861	116.34320949
39.831280688	116.34320904
39.831279507	116.34320861
39.831278307	116.3432082
39.8312771	116.34320781
39.831275891	116.34320743
39.831274687	116.34320704
39.831273479	116.34320666
39.831272289	116.34320624
39.831271045	116.34320584
39.831269794	116.34320544
39.83126855	116.34320507
39.831267308	116.34320471
39.831266045	116.34320437
39.831264766	116.34320406
39.831263484	116.34320376
39.83126222	116.34320345
39.831260938	116.34320315
39.831259629	116.34320285
39.83125832	116.34320254
39.831257042	116.34320225
39.831255778	116.34320196
39.831254483	116.34320171
39.83125317	116.34320147
39.83125186	116.34320125
39.831250568	116.34320104
39.831249288	116.34320083
39.831248007	116.34320062
39.831246826	116.34320042
39.831245564	116.34320025
39.831244307	116.34320008
39.831243054	116.34319993
39.831241809	116.3431998
39.83124056	116.34319967
39.831239297	116.34319955
39.831238039	116.34319945
39.831236805	116.34319935
39.831235561	116.34319928
39.831234295	116.34319923
39.831233038	116.34319921
39.831231807	116.34319919
39.831230583	116.34319919
39.831229342	116.34319919
39.831228083	116.34319916
39.831226831	116.34319913
39.831225617	116.34319911
39.831224419	116.34319912
39.831223193	116.34319915
39.831221913	116.34319921
39.83122066	116.34319929
39.831219445	116.34319938
39.831218252	116.34319947
39.831217055	116.34319956
39.831215844	116.34319965
39.831214648	116.34319972
39.831213457	116.34319981
39.83121226	116.3431999
39.831211078	116.34320001
39.831209899	116.34320015
39.831208741	116.34320031
39.831207604	116.34320049
39.831206477	116.34320067
39.831205343	116.34320087
39.831204202	116.34320108
39.831203069	116.34320129
39.831201955	116.34320153
39.831200857	116.34320178
39.83119977	116.34320204
39.831198611	116.34320275
39.831197526	116.34320307
39.831196465	116.34320341
39.831195409	116.34320378
39.831194361	116.34320416
39.831193313	116.34320454
39.831192278	116.34320492
39.831191254	116.34320532
39.831190238	116.34320574
39.831189235	116.34320618
39.831188245	116.34320667
39.83118727	116.34320717
39.831186313	116.34320769
39.831185379	116.34320821
39.83118445	116.34320874
39.831183522	116.34320927
39.831182588	116.3432098
39.831181661	116.34321034
39.831180749	116.34321089
39.831179848	116.34321147
39.831178895	116.34321203
39.831178028	116.34321264
39.831177171	116.34321328
39.831176341	116.34321395
39.831175538	116.34321464
39.831174752	116.34321534
39.831173951	116.34321609
39.831173141	116.34321687
39.831172336	116.34321763
39.83117155	116.34321837
39.831170761	116.34321911
39.831169949	116.34321989
39.831169125	116.34322073
39.83116833	116.3432216
39.831167592	116.34322248
39.831166901	116.34322335
39.831166195	116.34322427
39.831165472	116.34322523
39.831164758	116.34322619
39.831164075	116.34322712
39.831163649	116.34322818
39.831162994	116.34322914
39.831162349	116.34323013
39.831161724	116.34323114
39.831161128	116.34323215
39.831160565	116.34323316
39.831160014	116.34323421
39.831159465	116.3432353
39.831158923	116.34323639
39.831158398	116.34323744
39.831157876	116.34323848
39.831157356	116.34323954
39.831156844	116.34324061
39.831156355	116.3432417
39.831155904	116.34324281
39.831155494	116.34324394
39.831155113	116.34324507
39.83115475	116.3432462
39.831154396	116.34324733
39.831154059	116.34324846
39.831153735	116.34324958
39.831153485	116.34325084
39.831153181	116.34325196
39.831152893	116.3432531
39.831152619	116.34325428
39.831152363	116.34325546
39.831152128	116.34325664
39.831151914	116.34325781
39.831151714	116.34325899
39.831151528	116.34326018
39.831151354	116.34326138
39.831151192	116.34326258
39.831151041	116.34326379
39.831150902	116.34326502
39.831150799	116.34326623
39.831150753	116.3432674
39.831150749	116.34326853
39.831150773	116.34326966
39.831150795	116.34327078
39.831150806	116.34327189
39.831151058	116.34327299
39.831151068	116.34327412
39.831151087	116.34327524
39.831151111	116.34327632
39.831151144	116.34327741
39.831151199	116.34327855
39.83115125	116.3432797
39.831151295	116.34328084
39.831151395	116.34328203
39.831151597	116.34328324
39.831151876	116.34328441
39.831152177	116.34328549
39.831152531	116.34328657
39.831152922	116.34328771
39.831153279	116.34328889
39.831153568	116.34329005
39.831153814	116.34329115
39.83115407	116.34329225
39.831154371	116.34329338
39.831154721	116.34329453
39.831155172	116.34329557
39.831155565	116.34329665
39.831155964	116.34329772
39.831156418	116.34329883
39.831156876	116.34329993
39.831157309	116.34330095
39.83115775	116.34330194
39.831158222	116.34330304
39.831158715	116.34330416
39.831159216	116.34330523
39.83115972	116.3433062
39.831160256	116.34330717
39.831160822	116.34330815
39.831161419	116.34330913
39.831162038	116.34331009
39.831162667	116.34331103
39.831163313	116.34331198
39.831163982	116.34331294
39.831164669	116.34331388
39.831165357	116.34331479
39.831166344	116.34331574
39.831167089	116.34331665
39.831167865	116.34331754
39.831168649	116.34331839
39.831169439	116.34331923
39.83117025	116.34332005
39.831171091	116.34332087
39.831171952	116.34332169
39.831172817	116.34332248
39.831173694	116.34332326
39.831174592	116.34332405
39.8311755	116.34332483
39.831176417	116.34332561
39.831177357	116.34332636
39.831178327	116.3433271
39.831179311	116.34332781
39.831180297	116.34332849
39.831181291	116.34332917
39.83118231	116.34332985
39.831183338	116.34333052
39.83118437	116.34333118
39.831185415	116.34333153
39.831186464	116.34333218
39.831187531	116.34333281
39.831188601	116.34333341
39.831189668	116.34333396
39.831190765	116.3433345
39.831191884	116.34333501
39.83119302	116.34333551
39.831194139	116.34333601
39.831195254	116.3433365
39.831196383	116.34333697
39.831197533	116.34333743
39.831198696	116.34333792
39.831199883	116.3433384
39.831201056	116.34333886
39.831202237	116.3433393
39.831203426	116.34333972
39.831204636	116.34334012
39.831205849	116.34334048
39.831207074	116.34334082
39.831208265	116.34334129
39.831209484	116.34334161
39.831210685	116.34334194
39.831211909	116.34334227
39.831213171	116.34334262
39.831214424	116.34334296
39.83121567	116.34334327
39.831216916	116.34334356
39.831218201	116.34334384
39.831219513	116.3433441
39.831220809	116.34334435
39.831222076	116.3433446
39.831223362	116.34334485
39.831224702	116.34334512
39.831226052	116.3433454
39.83122738	116.34334568
39.831228677	116.34334594
39.831229993	116.34334619
39.831231351	116.34334643
39.83123266	116.34334588
39.831234025	116.34334609
39.831235357	116.34334629
39.831236698	116.34334648
39.831238057	116.34334668
39.831239463	116.34334688
39.831240853	116.34334707
39.831242228	116.34334725
39.831243608	116.34334742
39.831245013	116.34334758
39.831246426	116.34334775
39.831247837	116.34334792
39.831249252	116.34334808
39.83125068	116.34334822
39.831252113	116.34334836
39.831253524	116.34334848
39.831254932	116.34334862
39.831256365	116.34334877
39.83125783	116.34334894
39.831259299	116.34334909
39.831260744	116.34334923
39.831262115	116.34335032
39.831263548	116.34335045
39.831265013	116.34335057
39.831266485	116.34335069
39.831267949	116.34335084
39.831269409	116.34335101
39.831270882	116.34335119
39.831272343	116.34335136
39.831273815	116.34335151
39.831275317	116.34335164
39.831276826	116.34335174
39.831278302	116.34335185
39.831279749	116.34335196
39.831281212	116.34335208
39.831282721	116.3433522
39.831284241	116.34335235
39.831285723	116.34335249
39.831287182	116.34335262
39.831288657	116.34335273
39.831289887	116.34335317
39.831291346	116.34335327
39.831292808	116.34335336
39.831294285	116.34335344
39.831295769	116.34335353
39.831297251	116.34335364
39.83129873	116.34335374
39.831300192	116.34335383
39.831301641	116.34335394
39.831303148	116.34335404
39.831304682	116.3433541
39.831306138	116.34335415
39.831307546	116.34335421
39.83130899	116.34335428
39.831310501	116.34335436
39.831312031	116.34335446
39.831313513	116.34335457
39.831314949	116.34335466
39.831316407	116.34335472
39.831317894	116.34335479
39.83131951	116.34335469
39.831321011	116.34335477
39.831322496	116.34335488
39.831323974	116.343355
39.831325468	116.34335512
39.831326998	116.34335521
39.831328523	116.34335528
39.831330015	116.34335533
39.831331492	116.34335536
39.831332984	116.3433554
39.831334502	116.34335548
39.831336019	116.34335559
39.831337527	116.3433557
39.831339012	116.34335578
39.831340484	116.34335583
39.831341999	116.34335587
39.831343542	116.34335587
39.831345084	116.34335587
39.831346577	116.3433559
39.831348075	116.34335594
39.831349606	116.34335598
39.831351512	116.34335582
39.831353075	116.34335588
39.831354612	116.34335594
39.831356119	116.34335598
39.831357658	116.343356
39.831359248	116.34335602
39.831360836	116.34335604
39.83136238	116.34335604
39.831363904	116.34335605
39.831365484	116.3433561
39.831367072	116.34335616
39.831368627	116.34335622
39.831370163	116.34335628
39.831371718	116.34335633
39.831373323	116.34335637
39.83137495	116.34335639
39.831376545	116.34335643
39.831378073	116.34335648
39.831379626	116.34335653
39.831381199	116.34335678
39.831382801	116.34335685
39.831384385	116.3433569
39.831385932	116.34335696
39.831387484	116.34335701
39.831389078	116.34335706
39.83139069	116.34335713
39.831392293	116.34335721
39.831393867	116.34335729
39.831395455	116.34335736
39.831397054	116.34335743
39.831398666	116.3433575
39.83140027	116.34335756
39.831401854	116.34335762
39.831403458	116.34335769
39.83140505	116.34335779
39.831406623	116.34335789
39.83140819	116.34335799
39.831409791	116.34335809
39.83141142	116.3433582
39.831412991	116.34335842
39.831414564	116.34335849
39.831416137	116.34335858
39.83141777	116.34335868
39.831419408	116.34335877
39.831421029	116.34335887
39.831422623	116.343359
39.831424215	116.34335912
39.831425829	116.34335924
39.831427443	116.34335935
39.831429042	116.34335947
39.831430637	116.34335956
39.831432239	116.34335962
39.831433878	116.34335967
39.831435509	116.34335972
39.831437119	116.34335979
39.831438713	116.34335986
39.831440306	116.34335997
39.831441925	116.34336011
39.831443541	116.34336023
39.831445155	116.3433605
39.831446691	116.34336053
39.831448276	116.34336053
39.831449903	116.34336053
39.831451535	116.34336055
39.831453116	116.3433606
39.831454684	116.34336066
39.83145627	116.34336072
39.831457869	116.3433608
39.831459484	116.34336086
39.831461107	116.34336093
39.831462728	116.343361
39.831464316	116.34336108
39.831465846	116.34336113
39.83146738	116.34336113
39.831468915	116.34336108
39.831470481	116.34336104
39.831472058	116.34336103
39.831473576	116.34336106
39.831474994	116.34336113
39.831476525	116.34336114
39.831478175	116.34336124
39.831479749	116.34336133
39.831481249	116.34336136
39.831482665	116.34336136
39.831484186	116.34336135
39.831485793	116.34336135
39.831487399	116.34336137
39.831488939	116.3433614
39.831490394	116.34336144
39.831491953	116.34336148
39.831493565	116.34336152
39.831495196	116.34336156
39.831496756	116.3433616
39.83149828	116.34336163
39.831499903	116.34336167
39.831501546	116.34336172
39.83150318	116.34336178
39.83150473	116.34336182
39.831506306	116.34336184
39.831507966	116.34336227
39.831509616	116.34336234
39.831511253	116.34336241
39.831512865	116.34336248
39.831514474	116.34336257
39.831516102	116.34336265
39.831517769	116.34336272
39.831519432	116.34336279
39.831521069	116.34336286
39.831522714	116.34336292
39.831524394	116.34336298
39.831526085	116.34336304
39.831527729	116.34336313
39.83152935	116.34336322
39.831531016	116.34336329
39.831532727	116.3433634
39.831534443	116.34336348
39.831536117	116.34336352
39.831537761	116.34336357
39.831539431	116.34336363
39.831541162	116.34336373
39.831542667	116.34336368
39.831544334	116.34336381
39.831545919	116.34336393
39.83154759	116.34336401
39.831549295	116.34336407
39.831551011	116.34336412
39.831552669	116.3433642
39.831554307	116.34336428
39.831556005	116.34336437
39.831557703	116.3433645
39.83155939	116.34336463
39.831561054	116.34336473
39.83156276	116.34336482
39.831564511	116.34336491
39.831566244	116.343365
39.831567918	116.3433651
39.831569527	116.34336516
39.831571255	116.34336525
39.831573004	116.34336535
39.83157474	116.34336546
39.831576455	116.34336554
39.831578092	116.34336565
39.831579813	116.34336576
39.831581576	116.34336584
39.831583302	116.34336591
39.831584965	116.34336597
39.831586634	116.34336602
39.831588342	116.34336608
39.83159009	116.34336615
39.831591829	116.34336624
39.831593524	116.34336631
39.831595201	116.34336637
39.831596899	116.34336642
39.831598598	116.34336645
39.831600303	116.34336647
39.831602006	116.34336652
39.83160369	116.34336659
39.831605362	116.34336665
39.831607028	116.3433667
39.831608647	116.34336684
39.831610352	116.34336688
39.831612061	116.34336691
39.831613751	116.34336696
39.831615417	116.34336702
39.831617093	116.34336708
39.831618778	116.34336715
39.831620464	116.34336722
39.831622122	116.34336727
39.831623763	116.34336732
39.831625409	116.34336736
39.831627079	116.3433674
39.831628723	116.34336743
39.831630312	116.34336748
39.831631902	116.34336753
39.831633514	116.34336758
39.831635148	116.34336763
39.831636763	116.34336767
39.831638354	116.34336771
39.83163996	116.3433677
39.831641711	116.34336775
39.831643254	116.34336785
39.831644782	116.34336792
39.831646335	116.34336797
39.831647932	116.34336801
39.831649574	116.34336808
39.831651171	116.34336813
39.831652744	116.34336813
39.831654232	116.34336808
39.831655812	116.34336811
39.831657488	116.34336814
39.831659046	116.34336811
39.831660586	116.34336809
39.831662107	116.34336809
39.831663708	116.34336809
39.831665341	116.34336809
39.831666933	116.34336809
39.831668481	116.34336808
39.831670048	116.34336805
39.831671639	116.343368
39.831673241	116.34336795
39.83167494	116.34336773
39.831676525	116.34336769
39.831678119	116.34336767
39.83167971	116.34336764
39.831681302	116.34336761
39.831682904	116.34336757
39.831684519	116.34336752
39.83168612	116.34336746
39.831687708	116.3433674
39.831689306	116.34336734
39.831690935	116.34336729
39.831692562	116.34336724
39.831694173	116.34336722
39.831695755	116.34336717
39.831697361	116.3433671
39.831699003	116.34336705
39.831700666	116.343367
39.831702312	116.34336695
39.831703899	116.34336692
39.831705478	116.34336688
39.831707189	116.34336673
39.831708836	116.34336667
39.831710449	116.34336659
39.831712033	116.34336654
39.83171363	116.3433665
39.831715288	116.34336646
39.831716942	116.34336644
39.831718557	116.34336642
39.831720133	116.34336638
39.831721753	116.34336631
39.831723404	116.34336625
39.831725057	116.3433662
39.831726684	116.34336618
39.831728293	116.34336617
39.831729904	116.34336617
39.831731541	116.34336617
39.831733196	116.34336616
39.831734823	116.34336612
39.831736447	116.34336609
39.831737995	116.3433664
39.831739641	116.3433664
39.831741278	116.34336643
39.831742892	116.34336648
39.831744507	116.34336652
39.831746125	116.34336656
39.831747746	116.34336658
39.831749354	116.3433666
39.831750961	116.34336663
39.83175258	116.34336666
39.831754207	116.34336671
39.831755808	116.34336676
39.831757407	116.34336682
39.83175903	116.34336687
39.831760661	116.34336692
39.831762291	116.34336698
39.831763899	116.34336706
39.831765513	116.34336713
39.831767139	116.34336722
39.831768758	116.34336729
39.831770406	116.34336711
39.831771948	116.34336715
39.831773518	116.34336719
39.831775119	116.34336725
39.831776727	116.34336733
39.831778309	116.34336742
39.831779866	116.34336753
39.831781444	116.34336763
39.831783074	116.3433677
39.831784703	116.34336775
39.831786277	116.3433678
39.831787812	116.34336785
39.831789373	116.34336792
39.831790971	116.34336801
39.831792549	116.34336811
39.831794089	116.34336822
39.831795588	116.34336829
39.831797104	116.34336835
39.831798666	116.34336842
39.831800234	116.34336849
39.831801753	116.34336847
39.831803286	116.34336854
39.831804823	116.34336862
39.831806372	116.34336868
39.831807911	116.34336875
39.83180944	116.34336881
39.83181098	116.34336887
39.831812536	116.34336893
39.831814092	116.343369
39.831815639	116.34336905
39.831817157	116.34336908
39.831818683	116.34336911
39.831820241	116.34336914
39.831821797	116.34336918
39.831823325	116.34336924
39.83182486	116.34336928
39.83182643	116.34336934
39.831828024	116.34336939
39.831829593	116.34336942
39.831831119	116.34336944
39.831832646	116.34336944
39.831834482	116.34336962
39.831836079	116.34336965
39.831837667	116.34336968
39.831839197	116.34336972
39.831840712	116.34336974
39.831842271	116.34336975
39.831843846	116.34336975
39.831845421	116.34336974
39.831846961	116.34336974
39.831848501	116.34336974
39.831850051	116.34336975
39.831851626	116.34336975
39.831853203	116.34336975
39.831854783	116.34336973
39.831856346	116.3433697
39.831857906	116.34336968
39.831859471	116.34336966
39.831861045	116.34336963
39.831862616	116.34336961
39.831863953	116.34336958
39.831865519	116.34336955
39.831867075	116.34336951
39.831868611	116.34336947
39.831870153	116.34336942
39.831871747	116.34336937
39.831873347	116.3433693
39.831874917	116.34336926
39.831876448	116.34336922
39.831877983	116.34336919
39.831879549	116.34336914
39.831881125	116.34336908
39.831882666	116.34336903
39.831884165	116.34336898
39.831885618	116.34336891
39.831887138	116.34336884
39.831888683	116.34336877
39.831890199	116.34336871
39.831891658	116.34336865
39.831893095	116.34336859
39.831894703	116.34336848
39.831896199	116.34336842
39.831897664	116.34336836
39.831899086	116.34336829
39.83190051	116.34336822
39.831901957	116.34336814
39.831903419	116.34336805
39.831904844	116.34336796
39.831906228	116.34336787
39.831907617	116.3433678
39.831909046	116.34336773
39.831910475	116.34336767
39.831911872	116.34336761
39.831913233	116.34336756
39.831914606	116.3433675
39.831916021	116.34336742
39.831917427	116.34336732
39.831918774	116.34336723
39.831920092	116.34336715
39.83192145	116.34336708
39.83192284	116.343367
39.831924121	116.34336712
39.831925453	116.3433671
39.831926773	116.34336707
39.831928113	116.34336704
39.83192945	116.343367
39.831930773	116.34336694
39.831932087	116.34336689
39.831933396	116.34336685
39.831934707	116.34336683
39.831936001	116.3433668
39.83193729	116.34336678
39.831938593	116.34336676
39.831939903	116.34336673
39.831941214	116.34336669
39.83194252	116.34336664
39.831943817	116.34336659
39.831945093	116.34336655
39.83194637	116.34336656
39.831947665	116.3433666
39.831949012	116.34336653
39.831950305	116.34336655
39.83195158	116.34336654
39.831952924	116.34336646
39.831954248	116.3433664
39.831955525	116.34336634
39.831956763	116.34336628
39.831957995	116.34336624
39.831959261	116.34336624
39.831960548	116.34336625
39.831961842	116.34336626
39.831963094	116.34336625
39.831964309	116.34336623
39.831965501	116.34336616
39.831966725	116.34336611
39.831968065	116.34336608
39.831969331	116.34336606
39.831970522	116.34336605
39.831971678	116.34336605
39.831972942	116.34336604
39.831974199	116.343366
39.831975469	116.34336629
39.831976584	116.34336627
39.831977721	116.34336625
39.831978908	116.34336624
39.83198011	116.34336625
39.831981286	116.34336628
39.831982419	116.3433663
39.831983599	116.34336633
39.83198478	116.34336637
39.831985959	116.34336641
39.831987115	116.34336644
39.831988279	116.34336647
39.831989487	116.34336652
39.831990742	116.34336657
39.831991985	116.34336661
39.831993193	116.34336665
39.831994393	116.34336669
39.831995624	116.34336674
39.831996896	116.34336681
39.83199817	116.34336691
39.831999393	116.34336699
39.832000661	116.34336713
39.832001918	116.34336727
39.832003165	116.34336741
39.832004396	116.34336755
39.832005644	116.34336769
39.832006907	116.34336785
39.832008161	116.34336802
39.832009374	116.34336822
39.832010568	116.34336843
39.832011784	116.34336865
39.832013022	116.34336891
39.83201425	116.34336918
39.832015446	116.34336944
39.832016627	116.34336969
39.832017812	116.34336995
39.832019002	116.34337021
39.832020199	116.34337049
39.83202139	116.34337078
39.832022654	116.34337115
39.832023839	116.34337143
39.832025031	116.34337173
39.832026223	116.3433721
39.832027382	116.34337249
39.832028501	116.34337286
39.832029596	116.34337323
39.83203073	116.34337361
39.832031901	116.343374
39.832033058	116.34337436
39.832034145	116.34337473
39.832035223	116.34337509
39.832036328	116.34337541
39.832037474	116.34337577
39.832038637	116.34337622
39.832039768	116.34337668
39.832040884	116.34337712
39.832041977	116.34337756
39.83204312	116.34337799
39.832044264	116.34337841
39.832045498	116.34337888
39.832046604	116.34337927
39.8320477	116.34337969
39.832048817	116.34338013
39.832049962	116.3433806
39.832051093	116.34338107
39.832052186	116.34338153
39.83205327	116.34338197
39.832054375	116.34338238
39.832055491	116.34338278
39.832056632	116.34338322
39.832057737	116.34338366
39.832058827	116.34338408
39.832059919	116.3433845
39.832061038	116.34338493
39.832062172	116.34338535
39.832063282	116.34338573
39.832064371	116.34338611
39.832065463	116.34338652
39.832066579	116.34338695
39.832067861	116.34338714
39.832068962	116.34338758
39.832070023	116.34338799
39.832071086	116.34338837
39.83207218	116.34338873
39.832073299	116.34338906
39.83207442	116.34338937
39.832075513	116.34338968
39.832076599	116.34338999
39.83207767	116.34339034
39.832078753	116.34339072
39.832079839	116.3433911
39.83208093	116.34339146
39.832082004	116.3433918
39.832083092	116.3433921
39.832084185	116.34339238
39.832085288	116.34339265
39.83208639	116.34339295
39.832087495	116.34339326
39.832088618	116.34339356
39.832089657	116.34339394
39.832090738	116.34339423
39.832091812	116.34339449
39.83209291	116.34339472
39.832094033	116.34339494
39.832095133	116.34339517
39.832096224	116.34339539
39.832097329	116.34339561
39.832098436	116.34339584
39.832099533	116.34339608
39.832100621	116.34339632
39.8321017	116.34339651
39.832102804	116.34339668
39.832103942	116.34339686
39.832105073	116.34339703
39.832106182	116.34339719
39.832107275	116.34339736
39.832108381	116.34339754
39.832109504	116.34339772
39.832110627	116.34339788
39.832111727	116.34339799
39.832112833	116.34339814
39.832113954	116.3433983
39.832115083	116.34339845
39.832116208	116.34339859
39.83211732	116.34339872
39.832118442	116.34339884
39.83211957	116.34339894
39.832120694	116.34339904
39.832121817	116.34339915
39.832122941	116.34339926
39.832124067	116.34339939
39.83212519	116.34339952
39.83212631	116.34339964
39.832127431	116.34339976
39.832128559	116.34339986
39.832129692	116.34339994
39.832130829	116.34340001
39.832131958	116.34340008
39.832133077	116.34340015
39.832134351	116.34340014
39.832135479	116.34340021
39.832136625	116.3434003
39.832137774	116.34340039
39.832138909	116.34340046
39.832140039	116.34340053
39.832141168	116.3434006
39.832142296	116.34340065
39.83214343	116.34340068
39.83214458	116.34340069
39.832145749	116.34340073
39.832146928	116.34340079
39.832148093	116.34340084
39.832149235	116.3434009
39.832150377	116.34340098
39.832151544	116.34340103
39.832152728	116.34340106
39.832153893	116.34340108
39.832155047	116.34340108
39.832156211	116.34340106
39.832157299	116.34340127
39.832158449	116.34340126
39.832159586	116.34340128
39.832160743	116.34340133
39.832161921	116.3434014
39.832163091	116.34340149
39.832164247	116.34340158
39.83216542	116.34340165
39.832166597	116.34340168
39.832167768	116.34340168
39.832168932	116.34340163
39.832170098	116.34340157
39.832171276	116.34340152
39.832172473	116.34340149
39.832173658	116.3434015
39.83217485	116.34340155
39.832176052	116.34340161
39.832177263	116.34340168
39.832178462	116.34340174
39.832179641	116.34340179
39.832180784	116.34340151
39.832181951	116.34340148
39.832183111	116.34340142
39.832184255	116.34340136
39.832185398	116.34340133
39.832186571	116.34340132
39.832187764	116.34340135
39.832188934	116.3434014
39.832190076	116.34340148
39.832191226	116.34340154
39.832192385	116.34340159
39.832193552	116.34340161
39.832194711	116.34340163
39.832195886	116.34340162
39.832197054	116.34340161
39.832198188	116.34340163
39.832199295	116.34340168
39.8322004	116.34340173
39.832201523	116.3434018
39.832202667	116.34340189
39.83220381	116.34340197
39.832204767	116.34340203
39.832205885	116.34340208
39.832207023	116.34340213
39.832208174	116.3434022
39.832209306	116.34340227
39.832210432	116.34340234
39.832211566	116.34340243
39.832212722	116.34340251
39.832213892	116.34340256
39.83221506	116.3434026
39.832216205	116.34340262
39.832217335	116.34340264
39.832218461	116.34340266
39.832219591	116.34340271
39.832220733	116.34340278
39.832221879	116.34340286
39.832223021	116.34340293
39.832224143	116.34340301
39.832225242	116.34340309
39.832226697	116.34340326
39.832227834	116.34340329
39.832228977	116.34340331
39.832230118	116.34340334
39.832231265	116.34340338
39.832232402	116.34340344
39.832233527	116.3434035
39.832234635	116.34340357
39.832235744	116.34340363
39.83223686	116.34340368
39.832237978	116.34340371
39.832239089	116.34340374
39.832240198	116.34340375
39.832241306	116.34340377
39.832242405	116.34340382
39.832243492	116.34340389
39.832244587	116.34340395
39.832245708	116.34340401
39.832246827	116.34340405
39.832247927	116.34340406
39.832248942	116.34340411
39.832250038	116.34340411
39.832251138	116.34340411
39.832252235	116.34340413
39.832253327	116.34340414
39.832254412	116.34340416
39.832255483	116.3434042
39.832256547	116.34340422
39.832257608	116.34340424
39.832258679	116.34340425
39.832259746	116.34340426
39.832260812	116.34340426
39.832261877	116.34340424
39.83226295	116.34340422
39.832264032	116.3434042
39.832265114	116.34340417
39.832266193	116.34340416
39.832267253	116.34340417
39.832268313	116.34340418
39.832269383	116.34340419
39.832270216	116.34340395
39.832271281	116.34340395
39.832272347	116.34340394
39.832273408	116.34340391
39.832274469	116.34340387
39.832275523	116.34340381
39.832276566	116.34340374
39.832277623	116.34340367
39.832278695	116.34340362
39.832279757	116.3434036
39.832280811	116.3434036
39.83228188	116.34340361
39.832282974	116.34340362
39.832284077	116.34340362
39.832285167	116.3434036
39.832286239	116.34340355
39.832287315	116.34340348
39.832288399	116.34340341
39.832289493	116.34340336
39.832290582	116.34340332
39.832291899	116.34340349
39.832292989	116.34340349
39.832294068	116.3434035
39.832295127	116.34340353
39.832296179	116.34340356
39.832297237	116.34340359
39.832298318	116.3434036
39.832299413	116.3434036
39.832300491	116.34340359
39.832301565	116.34340356
39.83230265	116.34340354
39.832303744	116.34340354
39.832304828	116.34340354
39.832305907	116.34340355
39.832306989	116.34340355
39.832308089	116.34340356
39.832309186	116.34340358
39.832310265	116.3434036
39.832311322	116.34340362
39.832312372	116.34340363
39.832313695	116.34340388
39.832314805	116.34340388
39.83231592	116.34340389
39.832317014	116.34340391
39.832318081	116.34340394
39.832319146	116.34340398
39.832320227	116.34340402
39.832321317	116.34340404
39.832322387	116.34340406
39.832323443	116.34340407
39.832324501	116.34340407
39.832325569	116.34340406
39.832326622	116.34340405
39.832327647	116.34340406
39.83232867	116.34340408
39.832329708	116.34340412
39.832330749	116.34340417
39.832331783	116.34340423
39.832332792	116.34340426
39.832333797	116.34340428
39.832334718	116.34340423
39.832335717	116.34340421
39.832336693	116.34340419
39.832337659	116.34340417
39.832338632	116.34340417
39.83233962	116.34340419
39.832340598	116.34340423
39.832341555	116.34340427
39.832342491	116.34340432
39.832343429	116.34340437
39.832344379	116.3434044
39.832345326	116.34340441
39.832346255	116.34340442
39.832347163	116.34340443
39.832348071	116.34340442
39.832348993	116.34340442
39.832349907	116.34340443
39.832350792	116.34340445
39.832351662	116.34340448
39.832352552	116.34340451
39.832353346	116.34340419
39.832354236	116.34340421
39.832355079	116.34340424
39.832355901	116.34340426
39.832356737	116.34340428
39.83235759	116.3434043
39.832358435	116.34340432
39.832359259	116.34340432
39.832360072	116.34340431
39.832360891	116.34340429
39.832361711	116.34340426
39.83236252	116.34340422
39.832363308	116.34340419
39.832364082	116.34340416
39.832364855	116.34340412
39.83236563	116.34340406
39.832366395	116.34340396
39.832367141	116.34340384
39.832367878	116.34340369
39.832368609	116.34340353
39.832369476	116.34340382
39.832370185	116.3434037
39.832370883	116.34340358
39.832371575	116.34340345
39.832372251	116.34340331
39.832372905	116.34340314
39.832373541	116.34340293
39.832374163	116.34340269
39.832374779	116.34340244
39.832375373	116.34340217
39.832375949	116.3434019
39.832376505	116.34340164
39.832377053	116.34340138
39.832377587	116.34340112
39.832378111	116.34340085
39.832378611	116.34340057
39.832379092	116.34340027
39.832379542	116.34339996
39.832379971	116.34339966
39.832380377	116.34339936
39.832380765	116.34339907
39.83238131	116.34339836
39.832381668	116.34339806
39.832382008	116.34339777
39.832382335	116.34339748
39.83238265	116.3433972
39.832382955	116.34339693
39.832383253	116.34339666
39.832383543	116.34339639
39.832383819	116.34339613
39.832384082	116.34339586
39.832384331	116.3433956
39.832384566	116.34339534
39.832384789	116.34339509
39.832385001	116.34339484
39.832385203	116.3433946
39.832385399	116.34339436
39.832385588	116.34339412
39.832385774	116.34339388
39.832385957	116.34339364
39.832386133	116.3433934
39.832386066	116.34339277
39.832386225	116.34339252
39.832386382	116.34339228
39.832386537	116.34339204
39.832386689	116.3433918
39.832386839	116.34339155
39.832386987	116.34339131
39.832387134	116.34339106
39.832387279	116.34339081
39.832387425	116.34339056
39.832387572	116.3433903
39.832387719	116.34339005
39.832387865	116.34338979
39.832388012	116.34338953
39.832388159	116.34338927
39.832388305	116.343389
39.83238845	116.34338872
39.832388591	116.34338844
39.832388729	116.34338815
39.832388666	116.34338782
39.832388792	116.34338753
39.832388915	116.34338724
39.832389037	116.34338695
39.832389158	116.34338665
39.832389277	116.34338635
39.832389394	116.34338605
39.83238951	116.34338574
39.832389626	116.34338543
39.832389743	116.34338511
39.83238986	116.34338478
39.832389975	116.34338444
39.832390088	116.3433841
39.832390198	116.34338375
39.832390305	116.34338339
39.83239041	116.34338301
39.83239051	116.34338261
39.832390607	116.3433822
39.832390703	116.34338177
39.832390796	116.34338134
39.832390882	116.34338079
39.83239098	116.34338034
39.832391082	116.34337987
39.832391181	116.34337939
39.832391272	116.34337891
39.83239136	116.34337842
39.832391444	116.34337791
39.832391521	116.34337739
39.832391591	116.34337686
39.832391662	116.34337633
39.83239174	116.3433758
39.83239182	116.34337525
39.832391891	116.34337469
39.832391955	116.34337411
39.832392007	116.34337352
39.832392045	116.34337292
39.832392068	116.34337232
39.832392085	116.3433717
39.832392096	116.34337109
39.8323921	116.34337046
39.832391886	116.34337008
39.832391873	116.34336944
39.832391854	116.3433688
39.832391822	116.34336814
39.83239178	116.34336748
39.832391728	116.34336681
39.832391667	116.34336614
39.832391591	116.34336547
39.832391501	116.3433648
39.832391396	116.34336412
39.832391278	116.34336345
39.83239115	116.34336279
39.832391015	116.34336213
39.832390873	116.34336148
39.832390721	116.34336082
39.832390553	116.34336018
39.832390371	116.34335954
39.832390179	116.34335891
39.83238997	116.34335828
39.832389746	116.34335765
39.832389261	116.34335667
39.832389023	116.34335604
39.832388783	116.34335542
39.832388542	116.3433548
39.832388292	116.34335418
39.832388025	116.34335354
39.832387744	116.34335291
39.832387454	116.3433523
39.832387152	116.34335169
39.832386837	116.3433511
39.832386511	116.34335052
39.832386176	116.34334994
39.832385827	116.34334938
39.83238546	116.34334882
39.832385076	116.34334827
39.832384681	116.34334774
39.832384278	116.34334722
39.832383865	116.34334673
39.832383431	116.34334624
39.832382981	116.34334577
39.832382466	116.34334499
39.832382021	116.34334451
39.832381582	116.34334402
39.832381131	116.34334354
39.832380659	116.34334305
39.832380174	116.34334256
39.832379673	116.3433421
39.832379159	116.34334166
39.832378632	116.34334125
39.832378098	116.34334086
39.832377557	116.34334047
39.832377014	116.34334009
39.832376467	116.3433397
39.832375914	116.34333931
39.832375353	116.34333894
39.832374779	116.34333859
39.832374183	116.34333824
39.832373567	116.3433379
39.832372945	116.34333755
39.832372325	116.34333722
39.832371181	116.34333768
39.832370511	116.34333741
39.832369807	116.34333715
39.832369079	116.34333693
39.832368342	116.34333673
39.832367595	116.34333656
39.832366826	116.34333639
39.832366033	116.34333622
39.832365226	116.34333606
39.832364412	116.34333589
39.832363578	116.34333573
39.832362713	116.34333556
39.832361824	116.34333541
39.832360919	116.34333528
39.832359997	116.34333517
39.83235906	116.34333508
39.832358111	116.343335
39.832357151	116.34333495
39.832356174	116.34333491
39.832355184	116.34333487
39.83235431	116.34333524
39.832353311	116.34333521
39.832352298	116.34333517
39.83235126	116.34333511
39.832350204	116.34333506
39.832349145	116.34333502
39.832348084	116.34333499
39.832347025	116.34333499
39.832345966	116.34333501
39.832344914	116.34333504
39.83234386	116.34333509
39.832342814	116.34333515
39.832341784	116.34333521
39.832340762	116.34333527
39.83233975	116.34333531
39.832338741	116.34333532
39.832337732	116.34333532
39.832336729	116.34333531
39.832335731	116.34333532
39.832334741	116.34333535
39.832334074	116.3433352
39.83233311	116.34333528
39.832332161	116.34333539
39.832331218	116.34333551
39.832330268	116.34333563
39.832329297	116.34333574
39.832328312	116.34333584
39.83232733	116.34333592
39.832326355	116.34333599
39.832325378	116.34333606
39.832324399	116.34333615
39.832323426	116.34333626
39.832322459	116.34333638
39.832321494	116.34333651
39.83232052	116.34333667
39.832319537	116.34333685
39.832318564	116.34333704
39.832317605	116.34333725
39.832316653	116.34333746
39.832315683	116.34333766
39.832314739	116.3433379
39.832313755	116.34333806
39.832312784	116.34333822
39.832311799	116.3433384
39.832310788	116.3433386
39.832309775	116.34333881
39.832308786	116.34333903
39.832307814	116.34333926
39.832306838	116.3433395
39.832305852	116.34333975
39.832304864	116.34334002
39.832303888	116.34334031
39.832302917	116.34334062
39.832301936	116.34334092
39.832300942	116.34334122
39.832299952	116.3433415
39.832298984	116.34334177
39.832298014	116.34334205
39.832297013	116.34334234
39.832295998	116.34334265
39.832294985	116.34334296
39.832293851	116.34334312
39.832292864	116.34334341
39.832291876	116.34334371
39.832290887	116.34334401
39.832289909	116.34334432
39.832288938	116.34334464
39.832287968	116.34334495
39.832286981	116.34334528
39.832285992	116.3433456
39.832285023	116.34334592
39.832284071	116.34334626
39.832283115	116.34334661
39.832282144	116.34334696
39.832281166	116.34334729
39.832280214	116.34334758
39.832279274	116.34334785
39.832278309	116.3433481
39.832277327	116.34334836
39.832276352	116.34334864
39.83227552	116.34334897
39.832274589	116.34334927
39.832273668	116.34334959
39.832272752	116.34334991
39.832271846	116.34335024
39.832270944	116.34335055
39.832270026	116.34335086
39.832269102	116.34335116
39.832268186	116.34335143
39.832267283	116.34335168
39.832266373	116.34335191
39.832265458	116.34335213
39.832264549	116.34335235
39.83226366	116.34335258
39.832262763	116.34335282
39.832261857	116.34335304
39.832260967	116.34335325
39.832260094	116.34335344
39.832259217	116.34335362
39.832258317	116.34335379
39.832257497	116.34335349
39.832256643	116.34335363
39.832255807	116.34335374
39.832254955	116.34335384
39.832254087	116.3433539
39.832253208	116.34335395
39.832252342	116.343354
39.832251492	116.34335404
39.832250633	116.34335408
39.83224975	116.34335412
39.832248865	116.34335415
39.832247986	116.34335417
39.832247093	116.34335415
39.832246176	116.34335413
39.832245235	116.3433541
39.83224431	116.34335403
39.832243398	116.34335395
39.832242474	116.34335388
39.832241504	116.34335382
39.832240509	116.34335374
39.832239379	116.34335332
39.832238413	116.34335322
39.832237484	116.34335308
39.832236566	116.34335289
39.832235631	116.34335265
39.832234652	116.34335241
39.83223368	116.34335217
39.832232747	116.34335193
39.832231787	116.34335168
39.832230851	116.34335144
39.832229923	116.34335122
39.832229021	116.34335103
39.832228107	116.34335085
39.832227168	116.34335063
39.832226253	116.3433504
39.832225367	116.34335014
39.832224496	116.34334982
39.832223587	116.34334942
39.832222707	116.343349
39.832221871	116.34334861
39.832221141	116.34334843
39.832220327	116.3433481
39.832219452	116.34334778
39.832218553	116.34334746
39.832217698	116.34334716
39.832216888	116.34334687
39.832216063	116.34334657
39.83221521	116.34334624
39.832214346	116.34334587
39.832213504	116.34334549
39.832212692	116.3433451
39.832211886	116.3433447
39.832211055	116.34334427
39.832210218	116.34334383
39.832209392	116.34334343
39.832208583	116.34334304
39.832207782	116.34334266
39.832206984	116.34334228
39.832206196	116.34334188
39.832205414	116.34334146
39.832204739	116.34334081
39.832203956	116.34334037
39.832203185	116.34333994
39.832202431	116.34333951
39.832201685	116.34333907
39.83220094	116.34333862
39.832200194	116.34333817
39.832199453	116.34333771
39.832198704	116.34333725
39.832197946	116.34333678
39.832197182	116.34333632
39.832196424	116.34333587
39.832195656	116.3433354
39.832194876	116.34333491
39.832194107	116.34333443
39.83219337	116.34333395
39.832192647	116.34333348
39.832191918	116.34333301
39.832191186	116.34333254
39.832190464	116.34333207
39.832189755	116.34333161
39.832188965	116.34333121
39.832188253	116.34333078
39.832187547	116.34333035
39.832186852	116.34332992
39.832186178	116.34332949
39.832185525	116.34332903
39.832184868	116.34332857
39.8321842	116.3433281
39.832183541	116.34332764
39.832182914	116.3433272
39.832182307	116.34332677
39.832181693	116.34332633
39.832181076	116.34332587
39.832180468	116.34332542
39.832179888	116.34332497
39.832179323	116.34332452
39.832178765	116.34332407
39.832178213	116.34332363
39.832177671	116.3433232
39.832177115	116.34332293
39.832176613	116.34332254
39.832176107	116.34332215
39.832175588	116.34332174
39.832175074	116.34332133
39.832174579	116.34332094
39.8321741	116.34332057
39.832173618	116.34332021
39.832173131	116.34331982
39.832172654	116.34331943
39.832172204	116.34331905
39.832171777	116.34331869
39.832171365	116.34331833
39.832170955	116.34331798
39.832170538	116.34331762
39.832170117	116.34331728
39.832169718	116.34331696
39.832169346	116.34331666
39.832168995	116.34331638
39.832168649	116.3433161
39.83216823	116.34331561
39.832167908	116.34331531
39.832167614	116.34331503
39.83216734	116.34331478
39.832167082	116.34331455
39.832166837	116.34331433
39.832166611	116.34331414
39.832166403	116.34331396
39.832166228	116.34331381
39.83216609	116.34331368
39.832165979	116.34331356
39.832165891	116.34331347
39.832165831	116.3433134
39.832165801	116.34331336
39.832165794	116.34331335
39.832165802	116.34331337
39.832165825	116.3433134
39.832165842	116.34331343
39.832165837	116.34331344
39.832165825	116.34331343
39.832165805	116.34331342
39.832165977	116.34331347
39.832165989	116.34331347
39.832166005	116.34331347
39.832166017	116.34331348
39.832166018	116.34331349
39.832166013	116.34331349
39.83216601	116.3433135
39.832166014	116.3433135
39.832166024	116.3433135
39.832166035	116.34331351
39.832166042	116.34331351
39.832166044	116.34331351
39.832166043	116.34331351
39.832166046	116.34331352
39.832166051	116.34331352
39.832166057	116.34331353
39.832166063	116.34331353
39.832166067	116.34331353
39.832166071	116.34331353
39.832166075	116.34331353
39.83216594	116.3433135
39.832165939	116.3433135
39.832165937	116.3433135
39.832165934	116.3433135
39.832165931	116.34331351
39.832165928	116.34331351
39.832165926	116.34331351
39.832165925	116.34331351
39.832165923	116.34331351
39.83216592	116.34331351
39.832165918	116.34331351
39.832165917	116.34331352
39.832165916	116.34331352
39.832165913	116.34331352
39.832165909	116.34331352
39.832165905	116.34331353
39.832165903	116.34331353
39.832165901	116.34331353
39.8321659	116.34331353
39.832165898	116.34331353
39.832165961	116.34331351
39.832165961	116.34331351
39.83216596	116.34331351
39.83216596	116.34331352
39.83216596	116.34331352
39.83216596	116.34331352
39.83216596	116.34331352
39.83216596	116.34331352
39.83216596	116.34331352
39.83216596	116.34331352
39.832165959	116.34331352
39.832165958	116.34331352
39.832165958	116.34331352
39.832165958	116.34331352
39.832165958	116.34331352
