39.83149414	116.34305076
39.831494139	116.34305076
39.831494137	116.34305076
39.831494136	116.34305077
39.831494135	116.34305077
39.831494133	116.34305077
39.831494132	116.34305077
39.83149413	116.34305077
39.831494129	116.34305077
39.831494127	116.34305078
39.831494126	116.34305078
39.831494125	116.34305078
39.831494123	116.34305078
39.831494209	116.3430507
39.831494212	116.3430507
39.831494214	116.3430507
39.831494216	116.3430507
39.831494219	116.3430507
39.831494221	116.3430507
39.831494224	116.3430507
39.831494227	116.3430507
39.83149423	116.3430507
39.831494233	116.3430507
39.831494236	116.34305069
39.831494238	116.34305069
39.831494239	116.34305069
39.83149424	116.34305069
39.831494242	116.34305068
39.831494245	116.34305068
39.83149425	116.34305068
39.831494254	116.34305068
39.831494258	116.34305068
39.831494261	116.34305067
39.831494228	116.3430507
39.831494227	116.3430507
39.831494227	116.3430507
39.831494226	116.3430507
39.831494226	116.3430507
39.831494227	116.3430507
39.83149423	116.34305071
39.831494233	116.3430507
39.831494234	116.3430507
39.831494235	116.3430507
39.831494235	116.3430507
39.831494235	116.3430507
39.831494236	116.34305069
39.831494238	116.34305069
39.83149424	116.34305069
39.831494241	116.34305069
39.831494242	116.34305068
39.831494242	116.34305068
39.831494243	116.34305067
39.831494244	116.34305066
39.83149417	116.34305069
39.831494168	116.34305068
39.831494166	116.34305067
39.831494163	116.34305066
39.83149416	116.34305065
39.831494158	116.34305063
39.831494156	116.34305062
39.831494153	116.3430506
39.831494151	116.34305058
39.831494148	116.34305056
39.831494145	116.34305053
39.831494142	116.34305051
39.831494139	116.34305049
39.831494137	116.34305046
39.831494134	116.34305044
39.831494132	116.34305041
39.831494129	116.34305037
39.831494126	116.34305033
39.831494123	116.34305027
39.831494119	116.34305021
39.831494141	116.34305024
39.831494139	116.34305018
39.831494137	116.34305012
39.831494136	116.34305004
39.831494135	116.34304995
39.831494135	116.34304986
39.831494134	116.34304976
39.831494131	116.34304963
39.831494127	116.34304948
39.831494122	116.3430493
39.831494117	116.34304908
39.831494111	116.34304884
39.831494106	116.34304858
39.8314941	116.34304829
39.831494092	116.34304797
39.831494083	116.3430476
39.831494071	116.34304719
39.831494058	116.34304676
39.831494049	116.34304629
39.831494037	116.34304577
39.831494073	116.343045
39.83149406	116.34304438
39.831494044	116.34304372
39.831494028	116.34304302
39.831494009	116.34304227
39.831493991	116.34304149
39.831493973	116.34304067
39.831493952	116.34303983
39.831493922	116.34303896
39.831493886	116.34303805
39.831493851	116.34303711
39.831493821	116.34303614
39.831493797	116.34303515
39.831493779	116.34303415
39.831493749	116.34303311
39.831493706	116.34303199
39.831493665	116.34303082
39.831493621	116.34302968
39.83149358	116.34302861
39.831493541	116.34302751
39.831493494	116.34302635
39.831493832	116.34302477
39.831493809	116.34302356
39.831493793	116.34302236
39.831493773	116.3430211
39.831493756	116.34301982
39.831493747	116.34301853
39.831493744	116.34301726
39.83149374	116.343016
39.831493733	116.3430147
39.831493721	116.34301337
39.831493701	116.34301204
39.831493684	116.34301072
39.831493662	116.34300939
39.831493636	116.34300803
39.831493619	116.34300668
39.831493605	116.34300533
39.831493586	116.34300399
39.831493581	116.34300264
39.831493583	116.34300125
39.831493494	116.34300022
39.831493493	116.34299884
39.831493496	116.34299747
39.831493486	116.34299609
39.831493467	116.34299468
39.831493448	116.34299328
39.831493425	116.34299188
39.831493406	116.34299048
39.831493394	116.34298907
39.831493385	116.34298765
39.831493395	116.34298622
39.831493411	116.3429848
39.83149342	116.34298341
39.831493428	116.342982
39.831493431	116.34298059
39.831493417	116.34297915
39.831493393	116.34297774
39.831493361	116.34297634
39.831493323	116.34297493
39.831493287	116.34297352
39.83149319	116.34297241
39.831493175	116.34297101
39.831493169	116.34296961
39.831493166	116.34296824
39.831493168	116.34296689
39.831493164	116.34296553
39.831493149	116.34296412
39.831493124	116.3429627
39.831493097	116.34296129
39.831493066	116.34295993
39.831493034	116.34295861
39.831492996	116.34295728
39.83149296	116.34295592
39.831492935	116.34295457
39.831492921	116.34295324
39.831492912	116.34295194
39.831492899	116.34295063
39.831492886	116.34294926
39.831492867	116.34294794
39.831492845	116.34294666
39.831492819	116.34294537
39.831492722	116.34294372
39.831492694	116.34294233
39.83149267	116.34294095
39.831492638	116.34293959
39.831492605	116.34293821
39.831492583	116.34293681
39.831492567	116.34293539
39.831492547	116.342934
39.831492523	116.34293258
39.831492497	116.34293114
39.831492462	116.34292968
39.83149243	116.34292824
39.831492398	116.34292681
39.831492372	116.34292536
39.831492351	116.3429239
39.831492332	116.34292243
39.831492315	116.34292096
39.831492305	116.34291948
39.831492297	116.342918
39.831492396	116.34291645
39.831492382	116.34291494
39.831492362	116.34291343
39.831492343	116.34291191
39.831492334	116.34291038
39.831492334	116.34290885
39.831492333	116.3429073
39.831492337	116.34290575
39.831492349	116.3429042
39.831492356	116.34290266
39.831492352	116.34290112
39.831492346	116.34289955
39.831492337	116.34289796
39.831492326	116.34289638
39.831492322	116.34289482
39.831492328	116.34289324
39.831492338	116.34289166
39.831492347	116.34289006
39.831492369	116.34288846
39.831492407	116.34288684
39.831492479	116.34288535
39.831492501	116.3428837
39.83149251	116.34288209
39.831492508	116.3428805
39.831492496	116.34287891
39.83149249	116.34287729
39.831492492	116.34287562
39.831492502	116.34287395
39.831492529	116.34287232
39.831492567	116.34287073
39.831492621	116.34286913
39.831492682	116.34286753
39.83149272	116.34286588
39.831492737	116.34286418
39.831492743	116.34286256
39.831492736	116.342861
39.831492718	116.34285946
39.831492701	116.34285783
39.831492708	116.34285615
39.831492728	116.3428545
39.8314929	116.34285279
39.83149292	116.34285126
39.831492935	116.34284961
39.831492939	116.34284793
39.831492932	116.34284627
39.831492911	116.34284468
39.831492889	116.34284309
39.831492862	116.34284149
39.831492839	116.34283986
39.831492829	116.34283824
39.831492819	116.34283665
39.831492806	116.34283509
39.831492792	116.34283349
39.83149278	116.34283186
39.831492769	116.34283025
39.831492748	116.34282868
39.831492724	116.3428271
39.83149271	116.3428255
39.831492699	116.34282389
39.831492689	116.34282229
39.831492941	116.34282074
39.831492939	116.34281918
39.831492939	116.34281759
39.831492933	116.34281601
39.83149292	116.34281442
39.831492911	116.34281283
39.831492894	116.34281123
39.83149287	116.34280964
39.831492849	116.34280806
39.831492839	116.34280648
39.83149283	116.34280486
39.831492829	116.34280327
39.831492835	116.34280167
39.831492845	116.34280009
39.831492848	116.3427985
39.831492845	116.34279693
39.831492841	116.34279535
39.831492821	116.34279375
39.831492788	116.34279215
39.831492761	116.34279055
39.831492546	116.34278907
39.831492524	116.3427875
39.83149251	116.34278591
39.831492508	116.34278428
39.831492514	116.34278266
39.831492518	116.34278106
39.83149252	116.34277947
39.831492504	116.34277787
39.831492473	116.34277625
39.831492453	116.34277461
39.831492442	116.34277299
39.831492435	116.34277139
39.831492432	116.3427698
39.831492434	116.34276818
39.831492434	116.34276654
39.831492428	116.3427649
39.831492426	116.34276327
39.831492423	116.34276168
39.831492408	116.34276008
39.831492399	116.34275845
39.831492258	116.342757
39.831492251	116.34275538
39.831492241	116.34275378
39.831492231	116.34275217
39.831492215	116.34275055
39.831492194	116.34274891
39.831492177	116.34274725
39.831492169	116.34274561
39.83149216	116.34274398
39.831492152	116.34274236
39.831492146	116.34274074
39.831492134	116.34273909
39.831492117	116.34273744
39.831492098	116.34273578
39.831492087	116.3427341
39.831492088	116.34273243
39.831492093	116.34273075
39.8314921	116.34272907
39.831492101	116.34272738
39.8314921	116.34272567
39.831492166	116.34272366
39.831492164	116.34272191
39.831492171	116.34272017
39.831492182	116.34271843
39.831492197	116.34271669
39.831492212	116.34271493
39.831492221	116.34271313
39.831492226	116.34271134
39.831492228	116.34270954
39.831492231	116.34270773
39.831492235	116.34270591
39.831492247	116.3427041
39.831492263	116.34270225
39.831492272	116.34270039
39.831492277	116.34269853
39.83149227	116.34269669
39.831492262	116.34269483
39.831492256	116.34269296
39.831492246	116.34269106
39.83149224	116.34268916
39.831492549	116.34268718
39.831492569	116.3426853
39.83149258	116.34268337
39.831492582	116.34268141
39.831492569	116.34267941
39.831492583	116.34267748
39.831492591	116.34267556
39.831492592	116.34267359
39.831492607	116.34267162
39.831492623	116.34266962
39.831492629	116.34266763
39.831492615	116.34266565
39.831492589	116.34266367
39.831492574	116.34266172
39.831492566	116.34265969
39.831492563	116.34265766
39.831492563	116.34265563
39.831492581	116.34265366
39.831492591	116.34265162
39.831492581	116.34264954
39.831492418	116.34264758
39.831492387	116.34264554
39.831492359	116.34264349
39.831492327	116.34264142
39.831492303	116.34263931
39.831492306	116.34263719
39.83149231	116.34263508
39.831492315	116.34263298
39.83149231	116.34263087
39.831492302	116.34262876
39.831492283	116.34262666
39.83149225	116.34262451
39.83149222	116.34262238
39.831492202	116.34262026
39.831492191	116.3426181
39.831492181	116.34261592
39.83149217	116.34261372
39.831492153	116.34261154
39.831492113	116.34260935
39.831492067	116.34260715
39.831491865	116.34260479
39.83149181	116.34260256
39.831491763	116.34260032
39.831491717	116.3425981
39.831491686	116.34259586
39.831491661	116.34259361
39.831491622	116.34259136
39.831491576	116.34258913
39.831491524	116.34258688
39.831491471	116.34258461
39.831491421	116.34258231
39.831491369	116.34258001
39.831491322	116.34257772
39.831491288	116.34257543
39.831491246	116.34257313
39.831491197	116.34257083
39.83149115	116.3425685
39.831491108	116.34256616
39.831491068	116.34256384
39.831491027	116.34256155
39.831490879	116.34255938
39.831490846	116.34255708
39.831490796	116.34255476
39.831490755	116.34255248
39.831490721	116.34255018
39.831490693	116.3425479
39.831490668	116.34254561
39.831490655	116.3425433
39.831490654	116.34254102
39.831490642	116.34253874
39.831490619	116.34253649
39.831490597	116.34253424
39.831490575	116.34253199
39.83149054	116.34252974
39.831490512	116.34252753
39.831490502	116.34252538
39.831490487	116.34252321
39.831490471	116.34252099
39.83149046	116.34251876
39.831490459	116.34251659
39.83149067	116.3425143
39.831490654	116.34251215
39.831490648	116.34250997
39.831490648	116.34250778
39.831490645	116.34250565
39.831490633	116.34250358
39.831490617	116.34250147
39.831490607	116.34249933
39.831490598	116.34249721
39.831490576	116.34249516
39.831490562	116.3424931
39.831490551	116.34249103
39.83149054	116.34248892
39.83149053	116.34248686
39.831490518	116.34248482
39.831490507	116.34248282
39.831490493	116.34248078
39.83149048	116.34247872
39.831490477	116.3424767
39.831490476	116.3424747
39.831490664	116.34247268
39.831490677	116.34247064
39.831490693	116.3424686
39.831490714	116.34246662
39.831490725	116.34246469
39.831490739	116.34246273
39.83149076	116.34246072
39.831490789	116.34245876
39.831490818	116.34245691
39.831490845	116.34245503
39.831490879	116.34245307
39.831490913	116.34245111
39.831490942	116.34244921
39.831490963	116.34244739
39.831490988	116.34244552
39.83149101	116.34244361
39.831491028	116.34244168
39.831491048	116.34243982
39.83149107	116.34243801
39.83149109	116.34243616
39.831490922	116.34243392
39.831490931	116.34243203
39.83149094	116.34243021
39.831490951	116.3424284
39.831490963	116.34242657
39.83149097	116.34242473
39.831490973	116.34242289
39.831490973	116.34242109
39.83149096	116.34241931
39.831490953	116.34241752
39.831490954	116.34241571
39.831490958	116.34241391
39.831490973	116.34241213
39.831490995	116.3424104
39.831491008	116.34240867
39.831491006	116.34240691
39.831490991	116.34240515
39.831490967	116.3424034
39.831490942	116.3424017
39.831490924	116.34240003
39.831491076	116.34239885
39.831491084	116.34239715
39.831491111	116.34239543
39.831491137	116.34239375
39.831491145	116.34239212
39.83149114	116.34239049
39.83149113	116.34238884
39.831491116	116.34238715
39.831491104	116.3423855
39.831491095	116.34238391
39.831491087	116.34238233
39.831491082	116.34238071
39.831491082	116.34237908
39.831491083	116.34237749
39.831491078	116.34237595
39.831491075	116.34237444
39.831491066	116.34237288
39.831491053	116.34237133
39.831491045	116.34236984
39.831491041	116.34236839
39.83149108	116.34236682
39.831491075	116.34236536
39.831491075	116.34236391
39.831491079	116.34236251
39.831491078	116.34236112
39.831491076	116.34235974
39.831491079	116.34235834
39.83149108	116.34235695
39.831491067	116.34235559
39.83149105	116.34235423
39.831491036	116.34235288
39.831491022	116.34235152
39.831491012	116.34235018
39.831491015	116.34234885
39.83149103	116.34234752
39.831491042	116.3423462
39.831491045	116.34234491
39.831491036	116.34234361
39.831491015	116.3423423
39.83149099	116.34234098
39.8314908	116.34233975
39.831490782	116.34233849
39.831490775	116.34233723
39.831490776	116.34233597
39.831490783	116.34233471
39.831490796	116.34233348
39.83149082	116.34233226
39.831490842	116.34233104
39.831490853	116.34232982
39.831490858	116.34232862
39.831490858	116.34232743
39.831490845	116.34232624
39.831490829	116.34232506
39.831490822	116.34232388
39.831490826	116.3423227
39.831490843	116.34232152
39.83149087	116.34232038
39.831490904	116.34231925
39.831490939	116.34231811
39.831490975	116.34231696
39.831491017	116.34231568
39.831491056	116.34231456
39.831491101	116.34231345
39.831491146	116.34231228
39.831491217	116.34231108
39.831491295	116.34230995
39.831491357	116.34230891
39.831491409	116.34230788
39.831491465	116.3423068
39.831491523	116.34230566
39.831491583	116.34230455
39.831491647	116.34230351
39.831491716	116.3423025
39.831491795	116.34230148
39.831491885	116.34230042
39.831491986	116.34229937
39.831492095	116.34229836
39.831492217	116.3422974
39.831492341	116.34229644
39.831492469	116.34229548
39.831492624	116.34229456
39.831492802	116.34229358
39.831492957	116.34229257
39.8314931	116.3422916
39.831493233	116.34229067
39.831493343	116.34228973
39.831493446	116.34228876
39.831493564	116.34228779
39.831493702	116.34228685
39.831493853	116.34228595
39.831494029	116.34228503
39.83149423	116.3422841
39.831494439	116.34228318
39.831494634	116.3422823
39.831494812	116.34228144
39.831494979	116.34228057
39.831495149	116.34227968
39.831495323	116.34227878
39.831495503	116.34227791
39.831495691	116.34227704
39.831496007	116.34227631
39.831496219	116.34227544
39.83149643	116.34227458
39.831496641	116.34227374
39.831496852	116.3422729
39.831497054	116.34227206
39.831497244	116.34227123
39.831497428	116.34227039
39.831497614	116.34226956
39.831497805	116.34226876
39.831498006	116.34226798
39.831498221	116.34226722
39.83149845	116.34226645
39.831498682	116.34226569
39.831498912	116.34226494
39.831499137	116.34226422
39.831499361	116.34226349
39.831499593	116.34226275
39.831499822	116.342262
39.831500039	116.34226125
39.831500451	116.34226008
39.831500665	116.34225933
39.831500889	116.34225856
39.831501124	116.34225781
39.831501372	116.34225707
39.831501629	116.34225635
39.831501889	116.34225563
39.831502147	116.3422549
39.831502415	116.34225416
39.831502687	116.34225342
39.831502963	116.34225267
39.831503248	116.34225193
39.831503557	116.34225118
39.831503866	116.34225043
39.831504146	116.34224973
39.831504391	116.34224911
39.831504617	116.34224849
39.831504841	116.34224786
39.831505073	116.34224721
39.831505304	116.34224657
39.831505511	116.34224653
39.831505734	116.342246
39.831505974	116.34224547
39.831506236	116.34224493
39.831506518	116.3422444
39.831506804	116.34224391
39.831507095	116.34224344
39.831507386	116.34224298
39.831507676	116.34224252
39.831507952	116.34224208
39.831508216	116.34224164
39.831508477	116.34224121
39.831508747	116.34224077
39.831509026	116.34224035
39.831509314	116.34223995
39.831509615	116.34223953
39.831509921	116.3422391
39.831510239	116.34223868
39.831510571	116.34223828
39.831510921	116.34223784
39.831511087	116.34223724
39.831511421	116.34223671
39.831511729	116.34223619
39.831512029	116.34223564
39.831512356	116.34223506
39.831512725	116.34223448
39.831513109	116.34223396
39.831513492	116.34223346
39.831513873	116.34223298
39.831514283	116.3422325
39.831514712	116.34223202
39.831515152	116.34223153
39.831515591	116.34223105
39.831516057	116.34223058
39.831516552	116.34223011
39.83151707	116.34222963
39.831517591	116.34222917
39.831518122	116.34222869
39.831518664	116.3422282
39.83151922	116.34222769
39.831519888	116.34222723
39.831520457	116.34222671
39.831521038	116.34222619
39.831521639	116.34222566
39.831522258	116.34222516
39.831522895	116.34222467
39.831523544	116.34222418
39.831524215	116.34222369
39.831524905	116.34222321
39.831525617	116.34222272
39.831526345	116.34222223
39.831527095	116.34222175
39.831527867	116.34222129
39.831528653	116.34222084
39.831529447	116.34222039
39.831530253	116.34221995
39.831531081	116.34221949
39.831531932	116.34221903
39.831532797	116.34221858
39.831533673	116.34221815
39.831534798	116.34221786
39.831535719	116.34221746
39.831536654	116.34221708
39.831537608	116.34221668
39.831538576	116.3422163
39.831539568	116.34221592
39.831540578	116.34221555
39.831541602	116.34221519
39.831542635	116.34221485
39.831543677	116.34221455
39.83154474	116.34221424
39.831545828	116.34221393
39.831546937	116.34221363
39.83154806	116.34221335
39.831549175	116.34221307
39.831550284	116.34221278
39.831551413	116.34221248
39.831552568	116.34221216
39.831553714	116.34221185
39.831554854	116.34221156
39.831555711	116.34221142
39.831556878	116.3422112
39.831558063	116.342211
39.831559273	116.34221083
39.831560471	116.3422107
39.831561658	116.34221057
39.831562865	116.34221041
39.831564087	116.34221023
39.831565327	116.34221001
39.831566592	116.34220979
39.83156784	116.34220956
39.831569059	116.34220935
39.831570278	116.34220917
39.831571538	116.34220902
39.831572827	116.34220889
39.831574108	116.34220877
39.83157536	116.34220866
39.831576637	116.34220853
39.831577963	116.34220837
39.831579311	116.34220821
39.831580636	116.34220802
39.831581926	116.34220786
39.831583226	116.3422077
39.831584569	116.34220755
39.831585933	116.3422074
39.831587276	116.34220727
39.831588579	116.34220715
39.831589876	116.34220703
39.831591201	116.3422069
39.831592528	116.34220677
39.831593833	116.34220665
39.831595116	116.34220654
39.831596416	116.34220642
39.831597723	116.34220631
39.83159901	116.34220621
39.831600256	116.34220612
39.83160152	116.34220602
39.831602796	116.34220593
39.831604078	116.34220581
39.831605332	116.3422057
39.83160655	116.34220559
39.831607764	116.3422055
39.831609004	116.3422054
39.831610252	116.3422053
39.831611489	116.34220523
39.831612709	116.34220517
39.831613961	116.34220509
39.831615228	116.34220501
39.83161651	116.34220492
39.831617765	116.34220481
39.831618997	116.34220472
39.831620256	116.34220464
39.831621561	116.34220456
39.83162287	116.34220448
39.831624146	116.34220439
39.831625408	116.34220431
39.831626692	116.34220421
39.831628009	116.34220411
39.831629327	116.34220402
39.831630624	116.34220395
39.831632165	116.34220354
39.831633467	116.3422035
39.831634771	116.34220347
39.831636076	116.34220341
39.831637377	116.34220333
39.831638671	116.34220325
39.831639946	116.34220317
39.831641242	116.34220307
39.83164256	116.34220297
39.831643894	116.34220289
39.831645213	116.34220283
39.831646517	116.34220279
39.831647829	116.34220274
39.831649164	116.3422027
39.831650504	116.34220264
39.831651855	116.34220258
39.83165322	116.34220251
39.831654545	116.34220242
39.831655858	116.34220233
39.831657172	116.34220224
39.831659598	116.342202
39.83166095	116.34220193
39.831662282	116.34220187
39.831663598	116.34220183
39.831664932	116.34220177
39.83166631	116.34220169
39.83166769	116.3422016
39.831669043	116.34220152
39.831670363	116.34220145
39.831671698	116.34220137
39.831673066	116.34220129
39.831674445	116.34220123
39.831675804	116.34220117
39.831677139	116.34220111
39.831678495	116.34220106
39.831679877	116.342201
39.831681256	116.34220095
39.831682599	116.3422009
39.831683941	116.34220084
39.831685309	116.34220077
39.831686113	116.34220155
39.83168744	116.34220149
39.831688742	116.34220142
39.831690066	116.34220136
39.831691423	116.34220133
39.831692791	116.34220132
39.831694123	116.34220132
39.831695412	116.3422013
39.8316967	116.34220125
39.831698025	116.34220119
39.831699387	116.34220113
39.831700736	116.34220109
39.831702037	116.34220106
39.831703338	116.34220105
39.831704665	116.34220106
39.831705992	116.3422011
39.831707307	116.34220111
39.831708618	116.34220109
39.831709931	116.34220105
39.831711246	116.34220098
39.831712417	116.3422008
39.831713688	116.34220075
39.831714974	116.34220074
39.831716262	116.34220075
39.831717556	116.34220078
39.83171885	116.3422008
39.831720136	116.34220082
39.831721402	116.34220082
39.831722665	116.3422008
39.83172394	116.34220078
39.831725247	116.34220074
39.83172655	116.34220071
39.831727831	116.3422007
39.831729104	116.3422007
39.831730403	116.34220068
39.831731713	116.34220068
39.831733023	116.3422007
39.831734322	116.34220071
39.831735626	116.34220072
39.831736933	116.34220074
39.831737674	116.34220015
39.831738985	116.34220014
39.831740347	116.34220014
39.831741707	116.34220014
39.831743048	116.34220014
39.831744355	116.34220013
39.83174569	116.3422001
39.831747054	116.34220008
39.831748423	116.34220007
39.831749757	116.34220007
39.831751064	116.34220007
39.831752409	116.34220008
39.831753799	116.3422001
39.831755185	116.34220011
39.831756542	116.34220012
39.831757881	116.34220011
39.831759246	116.3422001
39.831760647	116.34220009
39.831762057	116.34220009
39.831763436	116.34220009
39.831765227	116.34220015
39.831766636	116.34220013
39.831768066	116.34220011
39.831769482	116.34220009
39.831770857	116.34220005
39.831772248	116.34220002
39.83177366	116.34220003
39.831775041	116.34220005
39.831776389	116.34220006
39.831777741	116.34220005
39.831779148	116.34220001
39.831780554	116.34219997
39.831781929	116.34219991
39.831783256	116.34219986
39.831784603	116.34219982
39.83178599	116.34219981
39.831787385	116.34219981
39.831788753	116.3421998
39.831790082	116.34219977
39.831791433	116.34219971
39.83179329	116.34220016
39.831794712	116.34220011
39.831796092	116.34220007
39.831797426	116.34220004
39.831798809	116.34220003
39.831800225	116.34220002
39.831801656	116.3422
39.831803043	116.34219996
39.831804416	116.34219989
39.831805817	116.34219981
39.831807238	116.34219972
39.831808646	116.34219963
39.831810027	116.34219956
39.831811419	116.34219951
39.831812821	116.34219947
39.831814232	116.34219942
39.831815627	116.34219937
39.831817023	116.34219929
39.831818415	116.3421992
39.831819814	116.3421991
39.831820941	116.34219881
39.831822332	116.3421987
39.831823737	116.34219862
39.831825164	116.34219854
39.831826569	116.34219848
39.831827961	116.34219842
39.831829356	116.34219836
39.831830778	116.34219828
39.831832218	116.34219819
39.831833613	116.34219809
39.83183497	116.34219799
39.831836333	116.3421979
39.831837724	116.34219782
39.831839129	116.34219775
39.831840517	116.34219769
39.831841903	116.34219762
39.831843297	116.34219755
39.831844688	116.34219747
39.831846065	116.34219738
39.83184744	116.34219729
39.831848668	116.34219726
39.831850086	116.3421972
39.831851484	116.34219715
39.831852845	116.34219711
39.831854226	116.34219706
39.83185564	116.342197
39.831857071	116.34219692
39.831858472	116.34219683
39.831859846	116.34219674
39.83186122	116.34219667
39.83186261	116.34219661
39.831864019	116.34219657
39.831865412	116.34219655
39.831866793	116.34219654
39.831868183	116.34219653
39.831869586	116.34219651
39.831870981	116.34219649
39.831872364	116.34219646
39.831873761	116.34219643
39.831875183	116.3421964
39.831876501	116.34219621
39.831877891	116.34219618
39.831879291	116.34219615
39.83188071	116.34219612
39.831882139	116.3421961
39.831883544	116.34219608
39.831884901	116.34219607
39.831886279	116.34219604
39.831887695	116.34219602
39.831889126	116.342196
39.831890515	116.34219598
39.831891877	116.34219597
39.831893277	116.34219595
39.831894713	116.34219594
39.831896147	116.34219594
39.831897543	116.34219593
39.831898914	116.34219592
39.831900318	116.3421959
39.831901745	116.34219588
39.831903175	116.34219586
39.831903948	116.34219533
39.831905316	116.3421953
39.831906689	116.34219528
39.831908062	116.34219528
39.83190942	116.34219528
39.831910765	116.34219529
39.831912124	116.34219528
39.831913478	116.34219526
39.831914807	116.34219523
39.83191612	116.34219518
39.831917457	116.34219514
39.831918799	116.34219511
39.831920131	116.34219509
39.831921422	116.34219509
39.831922697	116.34219508
39.831923988	116.34219508
39.831925296	116.34219507
39.831926582	116.34219504
39.831927839	116.34219501
39.831929072	116.34219498
39.831931175	116.34219563
39.831932462	116.34219564
39.831933737	116.34219565
39.831934988	116.34219566
39.831936239	116.34219567
39.831937494	116.34219567
39.831938741	116.34219567
39.831939961	116.34219566
39.831941196	116.34219566
39.831942447	116.34219567
39.831943699	116.34219569
39.831944917	116.34219572
39.831946109	116.34219574
39.831947308	116.34219575
39.831948522	116.34219577
39.831949733	116.34219578
39.831950938	116.34219578
39.831952133	116.34219578
39.831953321	116.34219575
39.831954515	116.34219571
39.831955951	116.34219645
39.831957164	116.34219648
39.831958365	116.34219652
39.831959566	116.34219658
39.831960771	116.34219665
39.831961966	116.34219674
39.831963159	116.34219681
39.831964307	116.34219687
39.831965417	116.34219696
39.831966553	116.342197
39.831967723	116.342197
39.831968864	116.342197
39.83196996	116.34219701
39.83197105	116.34219703
39.831972157	116.34219707
39.831973261	116.34219715
39.831974361	116.34219726
39.831975448	116.34219734
39.831976482	116.3421974
39.831977565	116.34219751
39.831978795	116.34219663
39.831979888	116.34219668
39.831980902	116.3421967
39.8319819	116.34219672
39.831982948	116.34219672
39.831984001	116.34219669
39.831985036	116.34219667
39.831986021	116.34219668
39.831987016	116.34219672
39.831988027	116.34219675
39.831989052	116.34219679
39.831990058	116.34219685
39.831991048	116.34219689
39.831992034	116.34219689
39.831993031	116.34219687
39.831994027	116.34219686
39.83199501	116.34219685
39.831995997	116.34219685
39.831997003	116.34219688
39.831997989	116.34219692
39.831999132	116.3421959
39.832000081	116.34219588
39.832001055	116.34219586
39.832002039	116.34219583
39.832003014	116.3421958
39.832003979	116.34219578
39.832004939	116.34219575
39.832005891	116.34219572
39.832006836	116.34219568
39.832007777	116.34219561
39.832008716	116.34219556
39.832009634	116.34219553
39.832010546	116.3421955
39.832011498	116.34219548
39.832012446	116.34219547
39.832013365	116.34219544
39.832014249	116.34219541
39.832015149	116.34219539
39.83201608	116.34219536
39.83201701	116.34219533
39.832017826	116.3421958
39.83201873	116.34219579
39.832019648	116.34219576
39.832020564	116.34219572
39.83202146	116.34219569
39.83202234	116.34219565
39.832023209	116.34219562
39.832024048	116.34219562
39.832024869	116.34219562
39.832025715	116.34219562
39.832026583	116.34219561
39.832027455	116.34219561
39.83202831	116.34219559
39.832029135	116.34219556
39.832029945	116.34219552
39.832030776	116.34219549
39.83203162	116.34219547
39.832032461	116.34219544
39.832033284	116.34219543
39.832034101	116.34219542
39.832035522	116.34219656
39.832036397	116.3421966
39.832037299	116.34219665
39.832038211	116.3421967
39.832039085	116.34219673
39.832039915	116.34219677
39.832040784	116.34219681
39.832041703	116.34219683
39.832042627	116.34219683
39.83204352	116.34219683
39.832044405	116.34219683
39.832045316	116.34219683
39.832046235	116.34219684
39.832047145	116.34219686
39.83204805	116.3421969
39.832048975	116.34219694
39.832049926	116.342197
39.832050872	116.34219707
39.832051803	116.34219712
39.832052728	116.34219715
39.832053241	116.3421971
39.832054212	116.34219712
39.832055188	116.34219712
39.832056141	116.34219712
39.832057067	116.34219715
39.832057997	116.34219718
39.83205895	116.34219722
39.8320599	116.34219727
39.832060821	116.34219732
39.832061718	116.34219738
39.832062616	116.34219743
39.832063527	116.3421975
39.832064442	116.34219756
39.832065334	116.34219761
39.832066196	116.34219764
39.832067058	116.34219765
39.832067937	116.34219767
39.832068826	116.34219769
39.832069702	116.34219773
39.832070556	116.34219779
39.832071112	116.34219758
39.832071974	116.34219765
39.832072842	116.34219771
39.832073692	116.34219775
39.832074523	116.34219779
39.832075364	116.34219782
39.832076216	116.34219785
39.832077062	116.34219789
39.832077891	116.34219794
39.832078716	116.342198
39.832079546	116.34219806
39.832080381	116.34219812
39.832081212	116.34219817
39.832082031	116.34219821
39.832082844	116.34219827
39.832083664	116.34219833
39.832084467	116.34219841
39.832085257	116.3421985
39.832086048	116.34219859
39.832086855	116.34219868
39.832087492	116.34219885
39.832088281	116.34219895
39.832089052	116.34219904
39.832089826	116.34219914
39.832090605	116.34219924
39.832091388	116.34219935
39.832092162	116.34219945
39.832092926	116.34219956
39.832093695	116.34219969
39.832094471	116.34219982
39.832095244	116.34219997
39.832096002	116.34220012
39.832096754	116.34220029
39.832097508	116.34220046
39.832098268	116.34220064
39.832099018	116.34220083
39.832099757	116.34220102
39.832100497	116.34220122
39.832101247	116.34220142
39.832102	116.34220162
39.832102887	116.34220212
39.832103653	116.34220234
39.832104427	116.34220256
39.832105209	116.3422028
39.832105998	116.34220306
39.832106792	116.34220336
39.832107576	116.34220366
39.832108351	116.34220396
39.832109143	116.34220427
39.832109956	116.34220458
39.832110771	116.34220488
39.832111576	116.34220519
39.832112354	116.34220553
39.832113116	116.34220589
39.832113882	116.34220629
39.832114647	116.34220672
39.832115414	116.34220718
39.832116179	116.34220765
39.832116951	116.34220811
39.83211773	116.34220858
39.832118512	116.34220907
39.832119281	116.34220953
39.832120045	116.34220999
39.832120814	116.34221045
39.832121593	116.34221094
39.832122396	116.3422115
39.832123193	116.34221213
39.832123938	116.3422128
39.832124627	116.34221348
39.832125311	116.34221416
39.832126025	116.34221486
39.832126748	116.34221557
39.832127447	116.34221626
39.832128116	116.3422169
39.83212879	116.34221758
39.832129461	116.34221832
39.832130105	116.34221909
39.832130709	116.34221986
39.832131278	116.3422206
39.832131841	116.34222135
39.832132237	116.34222239
39.832132799	116.34222319
39.832133325	116.34222399
39.832133813	116.34222478
39.832134275	116.34222558
39.832134725	116.34222641
39.83213516	116.34222726
39.832135575	116.34222809
39.832135974	116.34222891
39.832136366	116.34222974
39.83213675	116.3422306
39.83213712	116.34223149
39.832137469	116.34223239
39.832137801	116.34223329
39.832138125	116.3422342
39.83213844	116.34223512
39.832138755	116.34223605
39.832139074	116.342237
39.832139389	116.34223797
39.832139678	116.34223894
39.832139726	116.34223989
39.832139971	116.34224088
39.832140197	116.34224191
39.832140401	116.34224296
39.832140592	116.34224402
39.83214077	116.34224507
39.832140927	116.34224614
39.832141063	116.3422472
39.832141186	116.34224828
39.8321413	116.34224938
39.83214142	116.34225047
39.832141547	116.34225157
39.832141671	116.34225268
39.832141781	116.34225381
39.832141867	116.34225497
39.832141922	116.34225614
39.832141951	116.34225731
39.832141957	116.34225847
39.832141951	116.34225963
39.832141943	116.3422608
39.832141727	116.34226216
39.83214171	116.34226336
39.83214169	116.34226455
39.832141669	116.34226575
39.832141647	116.34226695
39.832141617	116.34226816
39.832141575	116.34226939
39.832141527	116.34227064
39.832141457	116.34227187
39.832141362	116.34227309
39.832141258	116.34227432
39.832141138	116.34227557
39.832141013	116.34227684
39.832140894	116.34227813
39.832140778	116.34227944
39.83214066	116.34228074
39.832140544	116.34228201
39.832140427	116.34228329
39.832140309	116.3422846
39.832140181	116.34228594
39.832140243	116.34228692
39.832140115	116.3422882
39.832139981	116.34228951
39.832139832	116.34229084
39.832139679	116.34229216
39.832139533	116.34229347
39.832139396	116.34229476
39.832139255	116.34229607
39.832139096	116.34229744
39.832138929	116.3422988
39.832138773	116.34230012
39.832138626	116.34230143
39.832138481	116.34230279
39.832138343	116.34230417
39.832138221	116.34230553
39.832138106	116.34230686
39.832137978	116.3423082
39.83213784	116.34230957
39.832137696	116.34231094
39.832137543	116.34231229
39.832137454	116.34231395
39.832137295	116.34231531
39.832137138	116.3423167
39.832136991	116.34231808
39.832136853	116.34231944
39.832136723	116.3423208
39.832136596	116.34232219
39.832136465	116.34232361
39.832136333	116.34232502
39.832136205	116.34232641
39.832136078	116.34232779
39.832135947	116.34232921
39.832135819	116.34233064
39.832135691	116.34233205
39.832135563	116.34233345
39.832135439	116.34233487
39.832135317	116.3423363
39.832135193	116.34233774
39.83213507	116.34233916
39.832134946	116.34234059
39.83213473	116.34234171
39.832134615	116.34234314
39.832134503	116.34234458
39.832134402	116.34234603
39.832134302	116.34234747
39.832134193	116.34234891
39.832134083	116.34235036
39.832133977	116.34235183
39.832133871	116.34235329
39.832133752	116.34235475
39.832133628	116.34235622
39.832133504	116.34235769
39.832133378	116.34235914
39.832133259	116.34236059
39.832133157	116.34236207
39.832133059	116.34236356
39.832132956	116.34236505
39.832132853	116.34236652
39.832132754	116.342368
39.832132643	116.34236949
39.832132517	116.34237117
39.832132352	116.34237267
39.832132196	116.34237421
39.83213205	116.34237574
39.832131929	116.34237725
39.832131854	116.34237874
39.832131792	116.34238024
39.832131721	116.34238178
39.832131639	116.34238335
39.832131542	116.34238489
39.832131416	116.34238639
39.832131261	116.34238789
39.832131095	116.34238942
39.832130945	116.34239093
39.832130833	116.34239246
39.832130762	116.34239404
39.832130725	116.34239561
39.832130688	116.34239715
39.832130635	116.3423987
39.832130558	116.34240026
39.832130498	116.34240195
39.832130361	116.3424035
39.83213022	116.34240506
39.832130094	116.34240662
39.832129986	116.34240818
39.832129901	116.34240973
39.832129829	116.3424113
39.832129747	116.34241287
39.832129654	116.34241446
39.832129555	116.34241602
39.832129437	116.34241758
39.832129315	116.34241913
39.832129196	116.34242071
39.832129068	116.34242231
39.83212894	116.34242391
39.832128828	116.34242551
39.832128731	116.3424271
39.83212863	116.34242869
39.832128517	116.34243028
39.832128407	116.34243191
39.832128313	116.34243342
39.83212818	116.34243503
39.832128046	116.34243662
39.832127909	116.34243819
39.832127765	116.34243978
39.832127623	116.3424414
39.832127495	116.34244302
39.832127384	116.34244462
39.832127277	116.34244619
39.832127168	116.34244781
39.832127053	116.34244946
39.832126923	116.34245111
39.832126779	116.34245272
39.832126629	116.34245433
39.832126485	116.34245596
39.832126349	116.34245762
39.832126227	116.34245929
39.832126124	116.34246095
39.832126022	116.34246258
39.832125912	116.34246422
39.83212599	116.34246612
39.832125869	116.34246781
39.832125736	116.34246949
39.832125594	116.34247116
39.832125454	116.34247281
39.832125322	116.34247446
39.832125204	116.34247614
39.832125092	116.34247782
39.832124977	116.34247949
39.832124859	116.34248119
39.83212473	116.34248291
39.832124602	116.34248462
39.832124477	116.34248631
39.832124358	116.34248798
39.832124239	116.34248967
39.832124119	116.34249136
39.832123996	116.34249305
39.832123869	116.34249472
39.832123742	116.34249637
39.832123631	116.342498
39.832123392	116.34249957
39.832123285	116.34250122
39.832123184	116.34250287
39.832123082	116.3425045
39.832122979	116.3425061
39.832122871	116.34250771
39.832122761	116.34250932
39.832122651	116.34251094
39.832122542	116.34251254
39.83212244	116.34251414
39.832122353	116.34251572
39.832122276	116.3425173
39.832122211	116.34251889
39.832122141	116.34252049
39.832122061	116.34252208
39.832121975	116.34252365
39.832121882	116.34252522
39.832121785	116.34252679
39.832121696	116.34252837
39.832121614	116.34252994
39.832121625	116.34253121
39.832121559	116.34253276
39.8321215	116.34253431
39.832121446	116.34253585
39.832121386	116.34253738
39.83212132	116.34253889
39.832121254	116.34254043
39.832121178	116.34254199
39.832121096	116.34254355
39.832121023	116.3425451
39.832120958	116.34254665
39.832120887	116.34254819
39.832120812	116.34254973
39.832120739	116.34255129
39.832120667	116.34255285
39.832120592	116.34255441
39.832120518	116.34255597
39.832120442	116.34255753
39.832120364	116.34255906
39.832120284	116.34256058
39.832120224	116.34256229
39.832120142	116.34256387
39.83212005	116.34256545
39.832119953	116.34256703
39.832119855	116.34256862
39.83211976	116.34257023
39.832119671	116.34257184
39.832119587	116.34257343
39.832119499	116.34257504
39.832119402	116.34257669
39.832119291	116.34257836
39.83211918	116.34258001
39.832119071	116.34258164
39.83211896	116.34258328
39.832118847	116.34258495
39.832118738	116.34258662
39.832118638	116.34258828
39.832118539	116.34258994
39.832118435	116.34259163
39.832118326	116.34259331
39.832118115	116.34259485
39.832117999	116.34259653
39.832117889	116.34259822
39.832117785	116.34259992
39.832117687	116.34260163
39.832117594	116.34260335
39.832117501	116.34260508
39.83211741	116.34260684
39.832117317	116.3426086
39.832117222	116.34261034
39.832117126	116.34261209
39.832117029	116.34261384
39.832116932	116.34261559
39.832116838	116.34261734
39.832116748	116.34261909
39.832116663	116.34262081
39.832116588	116.34262251
39.832116521	116.34262424
39.83211645	116.34262599
39.832116373	116.34262777
39.832116373	116.34262958
39.832116304	116.34263133
39.832116228	116.3426331
39.832116137	116.34263489
39.832116048	116.34263668
39.832115965	116.34263844
39.83211589	116.34264019
39.83211582	116.34264196
39.832115756	116.34264376
39.832115696	116.34264556
39.832115642	116.34264734
39.832115593	116.34264908
39.832115536	116.34265086
39.832115471	116.34265269
39.832115403	116.3426545
39.832115328	116.34265628
39.832115252	116.34265804
39.832115179	116.34265984
39.832115116	116.34266172
39.832115062	116.34266358
39.832115003	116.34266544
39.832114961	116.34266723
39.832114924	116.34266905
39.832114891	116.34267092
39.832114846	116.3426728
39.832114789	116.34267466
39.832114727	116.34267647
39.832114674	116.34267825
39.83211462	116.34268009
39.832114574	116.34268198
39.832114539	116.34268387
39.832114517	116.34268571
39.832114504	116.34268754
39.832114478	116.34268937
39.83211444	116.34269123
39.8321144	116.34269312
39.832114361	116.34269503
39.83211432	116.3426969
39.832114282	116.34269873
39.832114258	116.3427006
39.832114309	116.34270259
39.832114293	116.3427045
39.832114266	116.34270636
39.832114235	116.34270821
39.832114204	116.34271009
39.832114167	116.34271202
39.832114133	116.34271394
39.832114097	116.34271581
39.832114067	116.34271765
39.832114046	116.34271954
39.832114019	116.34272151
39.832113978	116.34272348
39.832113933	116.3427254
39.832113889	116.3427273
39.83211385	116.34272919
39.832113819	116.34273113
39.832113776	116.34273308
39.832113741	116.34273502
39.832113717	116.34273694
39.832113688	116.34273881
39.832113661	116.34274077
39.832113618	116.34274272
39.832113569	116.34274466
39.832113532	116.34274657
39.832113496	116.34274845
39.832113467	116.34275038
39.832113448	116.34275232
39.832113425	116.34275422
39.832113399	116.34275611
39.832113367	116.34275803
39.832113324	116.34276
39.83211327	116.34276195
39.832113214	116.34276385
39.832113159	116.34276572
39.832113114	116.34276764
39.832113074	116.34276958
39.832113027	116.34277152
39.832112995	116.34277341
39.83211297	116.34277531
39.832112935	116.34277724
39.832112978	116.34277904
39.832112919	116.34278097
39.832112858	116.34278289
39.832112798	116.34278483
39.832112736	116.34278676
39.832112681	116.34278868
39.832112635	116.3427906
39.832112593	116.34279254
39.832112549	116.34279446
39.832112498	116.34279637
39.832112435	116.34279828
39.832112379	116.34280015
39.832112325	116.34280205
39.832112267	116.34280394
39.832112213	116.34280583
39.832112156	116.34280772
39.832112092	116.34280961
39.832112032	116.34281151
39.832111974	116.34281341
39.832111913	116.34281527
39.832111965	116.34281721
39.832111921	116.3428191
39.83211187	116.342821
39.832111815	116.3428229
39.832111756	116.34282479
39.832111686	116.34282667
39.832111619	116.34282855
39.832111554	116.34283045
39.832111498	116.34283236
39.832111445	116.34283427
39.832111398	116.34283616
39.832111343	116.34283802
39.832111283	116.34283988
39.83211122	116.34284177
39.832111151	116.34284365
39.832111087	116.34284554
39.832111026	116.3428474
39.832110982	116.34284925
39.83211095	116.34285111
39.832110923	116.34285297
39.832110789	116.34285475
39.832110739	116.34285664
39.832110688	116.3428585
39.832110645	116.34286036
39.832110611	116.34286224
39.832110579	116.34286408
39.832110548	116.34286591
39.832110534	116.34286776
39.832110527	116.34286963
39.832110504	116.34287147
39.832110474	116.3428733
39.832110447	116.34287513
39.832110432	116.34287697
39.832110421	116.34287882
39.832110406	116.34288065
39.832110391	116.34288247
39.832110389	116.34288429
39.832110397	116.34288613
39.83211039	116.34288796
39.832110373	116.34288976
39.832110374	116.34289173
39.832110373	116.34289355
39.832110373	116.34289537
39.832110374	116.3428972
39.83211039	116.34289902
39.832110407	116.34290083
39.832110418	116.34290262
39.832110427	116.34290442
39.832110429	116.34290625
39.832110431	116.34290808
39.832110441	116.34290989
39.832110463	116.34291169
39.832110488	116.34291351
39.832110519	116.34291533
39.832110556	116.34291714
39.832110578	116.34291894
39.832110592	116.34292074
39.832110598	116.34292257
39.832110599	116.34292437
39.832110607	116.34292613
39.832110466	116.34292798
39.832110482	116.34292977
39.8321105	116.34293157
39.832110523	116.34293335
39.832110545	116.34293514
39.832110558	116.34293689
39.832110567	116.34293867
39.832110578	116.34294048
39.83211059	116.34294229
39.832110601	116.34294406
39.832110607	116.34294579
39.832110619	116.34294756
39.832110634	116.34294936
39.832110646	116.34295115
39.832110655	116.3429529
39.832110668	116.34295464
39.832110685	116.34295642
39.832110699	116.34295821
39.832110719	116.34295999
39.832110734	116.34296174
39.832110937	116.34296336
39.832110961	116.3429651
39.832110987	116.34296684
39.832111009	116.34296858
39.832111029	116.34297031
39.832111057	116.34297205
39.832111088	116.34297379
39.83211112	116.3429755
39.832111153	116.34297722
39.832111178	116.34297897
39.832111201	116.34298073
39.832111227	116.34298248
39.832111251	116.3429842
39.832111278	116.34298592
39.832111306	116.34298766
39.832111337	116.34298941
39.832111366	116.34299115
39.832111402	116.34299285
39.832111437	116.34299455
39.83211147	116.34299624
39.832111478	116.34299786
39.832111507	116.34299958
39.832111528	116.34300128
39.832111548	116.34300297
39.832111571	116.34300466
39.832111589	116.34300636
39.832111615	116.34300805
39.832111662	116.34300975
39.832111705	116.34301146
39.832111755	116.34301317
39.832111806	116.34301485
39.832111838	116.34301653
39.83211187	116.34301822
39.832111902	116.34301993
39.832111939	116.34302162
39.832111984	116.3430233
39.832112049	116.34302498
39.832112134	116.34302666
39.83211221	116.34302834
39.832112285	116.34303
39.832112371	116.34303185
39.832112421	116.34303354
39.832112472	116.34303524
39.832112532	116.34303694
39.8321126	116.34303861
39.832112682	116.34304025
39.832112773	116.34304192
39.83211288	116.34304363
39.832112987	116.34304536
39.832113086	116.34304703
39.832113179	116.34304868
39.83211326	116.34305033
39.832113358	116.34305203
39.832113466	116.34305377
39.832113572	116.34305545
39.832113691	116.34305709
39.832113808	116.34305871
39.832113924	116.34306034
39.832114045	116.343062
39.832114164	116.3430637
39.832114405	116.34306538
39.832114504	116.343067
39.832114623	116.34306862
39.832114777	116.34307031
39.832114935	116.343072
39.832115097	116.34307365
39.832115257	116.34307522
39.832115416	116.3430768
39.83211557	116.34307846
39.832115728	116.34308016
39.832115866	116.34308181
39.83211598	116.34308335
39.83211611	116.34308485
39.832116277	116.34308647
39.83211647	116.34308818
39.832116653	116.34308988
39.832116804	116.34309146
39.832116952	116.34309295
39.832117098	116.34309449
39.832117246	116.34309609
39.8321174	116.3430974
39.832117571	116.34309892
39.832117742	116.34310037
39.832117933	116.34310176
39.83211813	116.34310322
39.832118327	116.34310475
39.8321185	116.34310629
39.832118633	116.34310778
39.832118759	116.34310921
39.832118882	116.34311065
39.832119008	116.34311218
39.832119144	116.34311372
39.832119301	116.3431152
39.832119476	116.34311663
39.832119667	116.34311806
39.832119865	116.3431195
39.832120059	116.34312093
39.832120239	116.34312231
39.832120395	116.34312365
39.832120536	116.34312505
39.832120527	116.34312687
39.832120643	116.3431283
39.832120749	116.34312971
39.832120848	116.34313111
39.832120981	116.34313254
39.832121124	116.34313393
39.832121265	116.3431353
39.832121422	116.34313666
39.832121584	116.34313804
39.832121717	116.34313941
39.832121826	116.34314079
39.832121922	116.34314215
39.832122007	116.34314351
39.832122086	116.34314487
39.832122156	116.34314626
39.832122242	116.34314763
39.832122358	116.34314894
39.832122472	116.34315021
39.832122593	116.34315156
39.83212273	116.34315294
39.832122861	116.34315433
39.832122767	116.34315566
39.832122824	116.34315701
39.832122868	116.34315837
39.832122899	116.34315974
39.832122921	116.3431611
39.832122942	116.34316245
39.832122975	116.34316376
39.832123031	116.34316508
39.832123086	116.34316647
39.832123131	116.34316784
39.832123178	116.34316911
39.832123217	116.34317033
39.832123246	116.34317161
39.832123275	116.34317295
39.8321233	116.34317428
39.832123315	116.34317554
39.832123329	116.34317677
39.832123347	116.34317805
39.832123368	116.34317936
39.832123674	116.34318056
39.832123711	116.34318183
39.832123744	116.3431831
39.832123774	116.34318437
39.832123802	116.34318564
39.83212382	116.34318687
39.832123835	116.3431881
39.832123852	116.34318937
39.832123865	116.34319067
39.832123868	116.34319195
39.832123865	116.34319321
39.832123853	116.34319446
39.832123833	116.34319573
39.832123814	116.34319702
39.832123791	116.34319831
39.832123764	116.34319957
39.832123753	116.3432008
39.832123762	116.343202
39.832123781	116.34320322
39.832123795	116.34320446
39.832123821	116.34320574
39.832123839	116.34320692
39.832123835	116.34320806
39.832123815	116.34320922
39.832123769	116.34321042
39.832123698	116.34321161
39.832123626	116.34321274
39.832123556	116.34321385
39.832123477	116.34321497
39.832123395	116.34321614
39.832123334	116.34321736
39.832123295	116.34321854
39.832123259	116.34321967
39.83212322	116.34322075
39.832123184	116.34322189
39.832123129	116.3432231
39.832123051	116.34322429
39.832122965	116.34322542
39.832122878	116.34322651
39.832122779	116.34322764
39.832122594	116.34322888
39.832122471	116.34323007
39.832122347	116.3432312
39.832122223	116.34323227
39.832122097	116.34323336
39.832121953	116.34323451
39.8321218	116.34323566
39.832121645	116.34323676
39.832121489	116.34323781
39.832121328	116.34323886
39.832121166	116.34323995
39.832121001	116.34324104
39.832120835	116.34324209
39.832120676	116.34324309
39.832120514	116.34324408
39.832120323	116.34324512
39.832120116	116.34324615
39.832119907	116.34324715
39.832119703	116.3432481
39.832119497	116.34324904
39.832119222	116.34324992
39.832119018	116.34325089
39.832118822	116.34325185
39.832118628	116.34325277
39.832118426	116.34325367
39.83211821	116.34325458
39.832117973	116.34325549
39.832117723	116.34325638
39.832117469	116.34325724
39.832117215	116.34325809
39.832116959	116.34325895
39.832116705	116.34325982
39.832116457	116.34326067
39.832116216	116.34326151
39.832115975	116.34326233
39.832115724	116.34326316
39.832115464	116.34326398
39.832115198	116.34326477
39.832114929	116.34326554
39.832114655	116.3432663
39.832114469	116.34326693
39.832114206	116.34326768
39.832113946	116.34326842
39.832113689	116.34326914
39.832113431	116.34326985
39.832113162	116.34327055
39.832112884	116.34327124
39.832112604	116.34327193
39.832112327	116.3432726
39.83211205	116.34327326
39.832111773	116.34327391
39.832111497	116.34327456
39.832111223	116.3432752
39.832110951	116.34327583
39.832110677	116.34327645
39.832110401	116.34327706
39.832110116	116.34327766
39.832109825	116.34327824
39.832109531	116.34327882
39.83210924	116.34327939
39.832108894	116.34328024
39.832108608	116.34328081
39.832108327	116.34328137
39.832108049	116.34328193
39.832107773	116.34328248
39.832107495	116.34328302
39.832107219	116.34328356
39.832106944	116.34328408
39.832106669	116.34328459
39.832106396	116.3432851
39.832106125	116.34328561
39.832105855	116.3432861
39.832105587	116.34328658
39.832105318	116.34328706
39.83210505	116.34328752
39.832104781	116.34328797
39.832104519	116.34328842
39.832104264	116.34328885
39.832104012	116.34328928
39.832103768	116.34328971
39.83210345	116.34328983
39.832103208	116.34329022
39.832102964	116.34329061
39.832102718	116.34329098
39.832102473	116.34329135
39.832102228	116.3432917
39.832101987	116.34329205
39.832101748	116.34329238
39.832101514	116.34329272
39.832101283	116.34329305
39.832101059	116.34329338
39.832100841	116.3432937
39.832100628	116.34329402
39.832100416	116.34329432
39.832100202	116.34329462
39.832099987	116.34329491
39.832099776	116.34329519
39.832099567	116.34329546
39.832099362	116.34329572
39.832099163	116.34329598
39.832099033	116.34329623
39.832098851	116.34329648
39.832098676	116.34329673
39.832098506	116.34329697
39.832098339	116.3432972
39.832098173	116.34329743
39.832098007	116.34329765
39.832097833	116.34329787
39.832097651	116.34329809
39.832097467	116.34329831
39.832097284	116.34329853
39.832097101	116.34329875
39.832096913	116.34329898
39.832096722	116.34329921
39.832096527	116.34329946
39.832096327	116.34329972
39.832096124	116.34329997
39.832095917	116.34330023
39.832095702	116.3433005
39.832095479	116.34330077
39.832095182	116.3433011
39.832094946	116.34330139
39.832094702	116.34330168
39.832094451	116.34330198
39.832094191	116.34330228
39.832093923	116.34330258
39.832093647	116.34330288
39.832093364	116.34330319
39.832093073	116.34330351
39.832092777	116.34330383
39.832092475	116.34330416
39.832092169	116.34330449
39.832091858	116.34330483
39.832091541	116.34330517
39.83209122	116.34330551
39.832090894	116.34330587
39.83209056	116.34330623
39.832090217	116.3433066
39.832089869	116.34330697
39.832089522	116.34330736
39.832089171	116.34330774
39.83208869	116.34330845
39.832088314	116.34330887
39.832087929	116.34330929
39.832087534	116.3433097
39.832087135	116.34331011
39.832086723	116.34331052
39.832086304	116.34331093
39.832085876	116.34331133
39.832085447	116.34331175
39.832085013	116.34331217
39.832084579	116.34331261
39.832084141	116.34331306
39.832083702	116.34331352
39.832083254	116.34331398
39.832082796	116.34331444
39.832082326	116.3433149
39.832081844	116.34331536
39.832081353	116.34331581
39.832080854	116.34331626
39.832080429	116.34331652
39.832079934	116.34331698
39.832079438	116.34331745
39.832078936	116.34331793
39.832078431	116.34331842
39.832077916	116.34331891
39.832077395	116.34331939
39.832076856	116.34331989
39.832076301	116.34332039
39.832075729	116.3433209
39.832075159	116.34332139
39.832074593	116.34332185
39.832074023	116.34332231
39.832073429	116.3433228
39.832072823	116.3433233
39.832072218	116.34332383
39.832071632	116.34332434
39.832071055	116.34332482
39.832070472	116.34332529
39.83206986	116.34332578
39.832069369	116.34332598
39.832068741	116.34332645
39.832068138	116.34332691
39.832067543	116.34332737
39.832066943	116.34332783
39.832066323	116.34332829
39.8320657	116.34332874
39.832065097	116.34332921
39.832064531	116.34332965
39.832063931	116.34333007
39.832063277	116.34333049
39.832062641	116.3433309
39.832062047	116.34333128
39.832061478	116.34333166
39.832060866	116.34333206
39.832060214	116.3433325
39.832059579	116.34333292
39.832059	116.3433333
39.832058417	116.34333368
39.832057783	116.34333408
39.832057058	116.34333454
39.832056413	116.34333494
39.832055816	116.3433353
39.832055201	116.34333568
39.832054557	116.34333606
39.832053896	116.34333644
39.832053252	116.34333679
39.83205262	116.34333713
39.832051972	116.34333746
39.832051305	116.3433378
39.83205064	116.34333815
39.83204999	116.34333848
39.832049342	116.3433388
39.83204868	116.34333911
39.832048009	116.34333943
39.83204734	116.34333976
39.832046684	116.34334007
39.83204603	116.34334038
39.832045366	116.3433407
39.832044687	116.34334101
39.832044	116.3433412
39.832043341	116.34334148
39.832042692	116.34334175
39.832042025	116.34334202
39.832041341	116.34334229
39.832040654	116.34334255
39.832039983	116.3433428
39.832039318	116.34334304
39.832038652	116.34334326
39.832037987	116.34334344
39.832037325	116.34334359
39.832036654	116.34334374
39.832035963	116.34334388
39.832035267	116.34334402
39.832034587	116.34334418
39.832033928	116.34334435
39.832033275	116.34334451
39.832032602	116.34334468
39.832031911	116.34334486
39.832031221	116.34334504
39.832030659	116.34334532
39.832029999	116.34334547
39.832029319	116.34334563
39.832028616	116.3433458
39.832027913	116.34334595
39.832027217	116.34334611
39.832026516	116.34334625
39.832025783	116.34334634
39.832025041	116.34334639
39.83202432	116.34334642
39.832023613	116.34334644
39.832022886	116.34334648
39.832022138	116.34334655
39.832021387	116.34334665
39.832020651	116.34334677
39.832019924	116.34334689
39.832019189	116.34334701
39.832018443	116.34334711
39.832017694	116.34334718
39.832016959	116.34334722
39.832016187	116.34334738
39.832015455	116.34334743
39.832014718	116.34334748
39.832013988	116.34334754
39.832013258	116.34334761
39.83201253	116.34334768
39.832011802	116.34334772
39.832011083	116.34334775
39.832010374	116.34334776
39.832009673	116.34334777
39.832008976	116.34334778
39.832008282	116.34334781
39.832007588	116.34334785
39.832006895	116.3433479
39.832006203	116.34334795
39.832005508	116.343348
39.832004814	116.34334804
39.832004119	116.34334807
39.832003419	116.34334808
39.832002709	116.34334809
39.832001867	116.34334796
39.83200114	116.34334794
39.832000414	116.34334792
39.831999684	116.3433479
39.831998947	116.34334787
39.831998206	116.34334784
39.831997459	116.3433478
39.831996705	116.34334776
39.83199595	116.3433477
39.831995191	116.34334763
39.831994427	116.34334757
39.831993659	116.3433475
39.831992887	116.34334742
39.831992116	116.34334734
39.831991348	116.34334725
39.831990582	116.34334717
39.831989812	116.34334708
39.831989027	116.34334699
39.831988233	116.34334688
39.831987438	116.34334675
39.83198665	116.34334657
39.83198586	116.34334642
39.831985064	116.34334627
39.831984263	116.3433461
39.831983456	116.34334592
39.831982651	116.34334574
39.831981846	116.34334556
39.831981045	116.34334536
39.831980249	116.34334516
39.831979453	116.34334496
39.831978653	116.34334474
39.831977846	116.34334451
39.831977039	116.34334427
39.831976236	116.34334403
39.83197544	116.34334378
39.831974641	116.34334351
39.831973822	116.34334324
39.831973008	116.34334297
39.831972211	116.3433427
39.831971415	116.34334243
39.831970842	116.34334206
39.831970035	116.34334177
39.831969218	116.34334146
39.831968407	116.34334115
39.83196761	116.34334083
39.831966815	116.34334052
39.831966012	116.34334019
39.831965196	116.34333987
39.831964381	116.34333955
39.83196357	116.34333922
39.831962767	116.34333888
39.831961967	116.34333854
39.831961166	116.34333819
39.831960348	116.34333783
39.831959534	116.34333746
39.831958724	116.3433371
39.831957918	116.34333673
39.831957105	116.34333635
39.831956293	116.34333597
39.831955488	116.3433356
39.831954614	116.34333527
39.831953792	116.34333491
39.831952968	116.34333455
39.831952148	116.34333417
39.831951324	116.34333377
39.831950506	116.34333336
39.83194969	116.34333293
39.831948879	116.3433325
39.831948062	116.34333207
39.831947237	116.34333164
39.83194641	116.34333121
39.831945585	116.34333079
39.831944754	116.34333038
39.831943933	116.34332997
39.831943102	116.34332954
39.83194225	116.34332911
39.831941398	116.34332867
39.83194057	116.34332823
39.831939742	116.34332779
39.831938901	116.34332735
39.831937955	116.34332705
39.831937107	116.3433266
39.831936268	116.34332616
39.831935431	116.34332571
39.831934577	116.34332525
39.831933712	116.34332478
39.831932848	116.34332431
39.831932003	116.34332386
39.83193115	116.34332341
39.831930275	116.34332295
39.831929401	116.34332247
39.831928554	116.343322
39.831927706	116.34332154
39.831926845	116.34332108
39.83192596	116.34332061
39.831925083	116.34332014
39.831924223	116.34331969
39.831923366	116.34331923
39.831922489	116.34331876
39.83192161	116.34331829
39.831920649	116.34331773
39.831919789	116.34331727
39.831918914	116.34331681
39.831918037	116.34331635
39.831917169	116.34331588
39.83191629	116.34331541
39.831915402	116.34331495
39.831914521	116.34331451
39.831913645	116.34331407
39.831912766	116.34331365
39.831911879	116.34331323
39.831910994	116.34331281
39.83191011	116.3433124
39.831909212	116.34331199
39.831908303	116.34331158
39.831907391	116.34331115
39.831906492	116.34331073
39.83190561	116.34331032
39.831904726	116.34330992
39.831903824	116.34330952
39.831902977	116.34330896
39.831902047	116.34330859
39.831901141	116.34330825
39.831900254	116.3433079
39.831899348	116.34330755
39.831898416	116.3433072
39.831897483	116.34330684
39.831896576	116.34330651
39.831895697	116.3433062
39.831894807	116.3433059
39.831893877	116.34330557
39.831892926	116.34330525
39.831891998	116.34330495
39.831891101	116.34330465
39.831890196	116.34330436
39.831889273	116.34330409
39.831888331	116.34330382
39.831887396	116.34330355
39.831886474	116.3433033
39.831885549	116.34330306
39.83188454	116.34330311
39.83188358	116.34330291
39.831882636	116.34330272
39.8318817	116.34330254
39.831880753	116.34330238
39.831879794	116.3433022
39.831878831	116.34330202
39.831877878	116.34330184
39.831876939	116.34330165
39.831875991	116.34330147
39.831875024	116.34330131
39.831874058	116.34330117
39.831873118	116.34330103
39.831872189	116.3433009
39.831871246	116.34330078
39.831870286	116.34330067
39.831869319	116.34330055
39.831868357	116.34330044
39.831867401	116.34330033
39.831866434	116.34330023
39.831865501	116.34330018
39.83186452	116.34330007
39.831863548	116.34329998
39.831862577	116.3432999
39.831861598	116.34329983
39.831860601	116.34329975
39.831859597	116.34329964
39.83185861	116.34329952
39.831857637	116.34329939
39.831856648	116.34329925
39.831855633	116.34329913
39.831854618	116.34329902
39.831853621	116.34329893
39.831852626	116.34329886
39.831851623	116.3432988
39.831850598	116.34329874
39.831849567	116.34329868
39.831848546	116.34329862
39.831847535	116.34329855
39.831846512	116.34329846
39.831845715	116.3432984
39.831844691	116.3432983
39.831843683	116.34329819
39.831842675	116.34329808
39.831841647	116.34329799
39.831840602	116.34329792
39.831839554	116.34329785
39.831838508	116.3432978
39.831837459	116.34329775
39.831836401	116.34329769
39.831835351	116.34329763
39.831834303	116.34329757
39.831833251	116.34329751
39.831832195	116.34329745
39.831831143	116.34329738
39.831830094	116.34329731
39.831829045	116.34329723
39.831827996	116.34329715
39.831826949	116.34329707
39.831825919	116.343297
39.831824698	116.34329689
39.831823621	116.34329685
39.831822532	116.3432968
39.831821448	116.34329676
39.831820379	116.34329672
39.831819316	116.34329667
39.831818233	116.34329661
39.831817124	116.34329654
39.831816022	116.34329647
39.831814933	116.34329641
39.831813847	116.34329635
39.831812746	116.3432963
39.831811639	116.34329626
39.831810536	116.34329622
39.831809447	116.34329617
39.831808352	116.34329613
39.831807254	116.34329608
39.83180615	116.34329604
39.831805048	116.34329599
39.831803941	116.34329594
39.831802826	116.34329588
39.831801729	116.34329581
39.83180063	116.34329575
39.831799522	116.3432957
39.831798397	116.34329566
39.831797274	116.34329562
39.831796151	116.34329558
39.831795039	116.34329553
39.831793924	116.34329549
39.8317928	116.34329546
39.831791657	116.34329542
39.831790507	116.34329537
39.831789373	116.3432953
39.831788253	116.34329523
39.831787128	116.34329516
39.831785972	116.34329511
39.8317848	116.34329507
39.831783639	116.34329503
39.8317825	116.34329499
39.831781367	116.34329495
39.831780219	116.34329477
39.831779046	116.34329475
39.831777875	116.34329472
39.831776722	116.34329467
39.83177557	116.34329463
39.831774424	116.34329458
39.831773283	116.34329451
39.83177214	116.34329445
39.831770963	116.3432944
39.831769784	116.34329436
39.831768628	116.34329432
39.831767497	116.3432943
39.831766358	116.3432943
39.831765186	116.3432943
39.831763979	116.34329429
39.83176278	116.34329427
39.831761601	116.34329423
39.831760423	116.34329417
39.831759233	116.34329408
39.831758037	116.343294
39.831756996	116.34329409
39.831755825	116.34329405
39.831754647	116.34329404
39.831753459	116.34329404
39.831752276	116.34329404
39.8317511	116.34329405
39.831749924	116.34329405
39.831748739	116.34329404
39.831747546	116.34329401
39.831746339	116.34329396
39.831745131	116.34329391
39.831743931	116.34329388
39.831742742	116.34329387
39.831741561	116.34329389
39.831740362	116.34329391
39.83173915	116.34329394
39.83173793	116.34329396
39.831736728	116.34329396
39.83173554	116.34329394
39.83173436	116.34329392
39.831733141	116.3432938
39.83173192	116.34329378
39.831730705	116.34329379
39.83172951	116.34329382
39.831728324	116.34329387
39.831727142	116.34329393
39.831725947	116.34329396
39.831724732	116.34329395
39.83172351	116.34329392
39.831722298	116.34329388
39.831721108	116.34329385
39.831719909	116.34329382
39.831718697	116.34329381
39.831717459	116.34329382
39.831716221	116.34329384
39.831715006	116.34329386
39.831713805	116.34329386
39.831712594	116.34329386
39.831711373	116.34329387
39.831710133	116.34329387
39.831708916	116.34329381
39.831707688	116.3432938
39.83170649	116.3432938
39.831705298	116.3432938
39.83170408	116.34329381
39.83170285	116.34329381
39.831701624	116.34329381
39.831700411	116.34329381
39.8316992	116.34329383
39.83169798	116.34329386
39.831696752	116.34329389
39.831695538	116.34329391
39.831694329	116.34329395
39.831693149	116.34329398
39.831691966	116.343294
39.83169077	116.34329401
39.831689549	116.34329402
39.831688318	116.34329401
39.831687113	116.34329399
39.83168595	116.34329398
39.831684531	116.34329402
39.831683332	116.34329405
39.831682114	116.34329409
39.831680907	116.34329416
39.831679746	116.34329422
39.83167862	116.34329425
39.831677461	116.34329428
39.831676283	116.34329427
39.831675135	116.34329423
39.831674022	116.34329419
39.831672901	116.34329418
39.831671756	116.3432942
39.831670603	116.34329423
39.831669471	116.34329428
39.831668362	116.34329432
39.831667258	116.34329435
39.831666133	116.34329437
39.831665014	116.34329437
39.831663921	116.34329436
39.831662843	116.34329435
39.8316619	116.34329437
39.831660804	116.34329438
39.831659707	116.34329441
39.83165864	116.34329444
39.831657575	116.34329449
39.8316565	116.34329454
39.831655416	116.34329455
39.831654362	116.34329454
39.831653318	116.34329453
39.831652252	116.34329453
39.831651157	116.34329453
39.831650058	116.34329454
39.831648979	116.34329456
39.831647922	116.34329459
39.831646874	116.34329461
39.831645824	116.34329464
39.831644756	116.34329467
39.831643693	116.34329471
39.831642665	116.34329475
39.831641638	116.34329475
39.831640599	116.34329471
39.831639564	116.3432947
39.831638537	116.3432947
39.83163752	116.34329471
39.831636489	116.34329473
39.831635449	116.34329477
39.831634401	116.34329482
39.83163337	116.34329489
39.831632349	116.34329495
39.831631338	116.34329502
39.831630326	116.34329506
39.831629319	116.34329508
39.831628308	116.34329509
39.831627302	116.34329509
39.831626327	116.34329507
39.831625377	116.34329503
39.83162441	116.34329501
39.83162343	116.343295
39.831622467	116.34329501
39.831621542	116.34329505
39.83162062	116.34329489
39.831619673	116.34329496
39.831618726	116.343295
39.831617804	116.34329501
39.831616904	116.34329497
39.831615989	116.34329491
39.83161506	116.34329484
39.831614131	116.34329477
39.831613229	116.3432947
39.831612339	116.34329464
39.831611448	116.34329458
39.831610539	116.34329453
39.831609651	116.34329449
39.831608815	116.34329449
39.831607995	116.34329451
39.831607148	116.34329452
39.831606282	116.34329452
39.831605427	116.34329451
39.831604605	116.34329447
39.831603798	116.34329441
39.831602979	116.34329448
39.831602127	116.34329442
39.831601281	116.34329438
39.831600465	116.34329436
39.831599667	116.34329435
39.831598857	116.34329434
39.83159803	116.34329431
39.831597204	116.34329427
39.831596388	116.34329423
39.831595576	116.34329422
39.831594766	116.34329423
39.831593967	116.34329424
39.831593178	116.34329426
39.831592395	116.34329428
39.831591604	116.34329429
39.831590809	116.34329429
39.831590011	116.34329428
39.831589221	116.34329427
39.831588438	116.34329425
39.831587665	116.34329422
39.831586869	116.34329416
39.831586084	116.34329413
39.831585293	116.34329411
39.831584514	116.34329409
39.831583741	116.34329406
39.831582971	116.34329403
39.831582208	116.34329401
39.831581456	116.34329399
39.831580691	116.34329398
39.831579923	116.34329397
39.831579162	116.34329396
39.83157841	116.34329396
39.831577661	116.34329395
39.83157692	116.34329395
39.831576173	116.34329394
39.831575418	116.34329394
39.831574653	116.34329392
39.8315739	116.34329388
39.831573165	116.34329383
39.831572429	116.34329379
39.831571617	116.34329362
39.831570865	116.34329359
39.831570117	116.34329355
39.831569362	116.34329351
39.831568603	116.34329344
39.831567842	116.34329336
39.831567091	116.3432933
39.831566353	116.34329326
39.831565625	116.34329324
39.8315649	116.34329324
39.83156418	116.34329326
39.831563457	116.34329328
39.831562745	116.34329328
39.831562034	116.34329325
39.83156132	116.34329318
39.831560596	116.34329309
39.831559871	116.34329297
39.831559163	116.34329287
39.831558472	116.34329278
39.831557774	116.34329272
39.831557058	116.34329266
39.831556409	116.34329252
39.831555717	116.34329244
39.831555053	116.34329232
39.831554382	116.34329219
39.831553679	116.34329209
39.831552965	116.34329199
39.831552264	116.34329191
39.83155158	116.34329185
39.831550888	116.3432918
39.831550187	116.34329173
39.831549492	116.34329163
39.831548819	116.34329152
39.831548153	116.34329139
39.831547485	116.34329124
39.83154681	116.34329108
39.831546132	116.34329094
39.831545457	116.3432908
39.831544795	116.34329066
39.831544138	116.34329054
39.831543428	116.34329069
39.831542767	116.34329057
39.831542106	116.34329044
39.831541446	116.3432903
39.83154079	116.34329016
39.831540135	116.34329001
39.831539476	116.34328985
39.831538817	116.34328968
39.831538162	116.34328951
39.831537519	116.34328933
39.831536881	116.34328914
39.831536243	116.34328894
39.831535596	116.34328874
39.831534944	116.34328853
39.831534295	116.34328833
39.831533645	116.34328812
39.831532991	116.3432879
39.831532331	116.34328765
39.831531665	116.34328739
39.831530996	116.3432871
39.831530399	116.34328666
39.831529716	116.34328635
39.831529021	116.34328605
39.831528321	116.34328575
39.831527618	116.34328545
39.831526896	116.34328515
39.831526161	116.34328485
39.831525432	116.34328454
39.831524716	116.34328422
39.831524002	116.34328388
39.831523302	116.34328352
39.831522628	116.34328313
39.831521974	116.34328272
39.831521322	116.34328229
39.831520672	116.34328184
39.831520025	116.3432814
39.831519379	116.34328098
39.831518727	116.34328056
39.831518054	116.34328015
39.831517378	116.34327973
39.831516877	116.34327919
39.831516254	116.34327874
39.831515645	116.3432783
39.831515025	116.34327784
39.83151439	116.34327734
39.831513758	116.34327682
39.831513155	116.34327628
39.831512571	116.34327569
39.831512001	116.34327505
39.831511446	116.34327442
39.831510912	116.34327381
39.831510383	116.34327321
39.831509849	116.3432726
39.831509294	116.34327201
39.831508739	116.34327143
39.831508194	116.34327083
39.831507664	116.34327021
39.831507139	116.34326956
39.831506626	116.3432689
39.83150613	116.34326821
39.831505426	116.34326776
39.831504934	116.34326706
39.831504441	116.34326637
39.831503948	116.34326566
39.831503456	116.34326494
39.831502967	116.34326421
39.831502488	116.34326347
39.831502021	116.34326271
39.831501571	116.34326192
39.831501136	116.3432611
39.831500713	116.34326029
39.831500301	116.34325947
39.831499891	116.34325865
39.831499478	116.34325782
39.831499067	116.34325699
39.83149867	116.34325615
39.831498293	116.34325529
39.831497933	116.3432544
39.831497587	116.34325349
39.831497255	116.34325258
39.831497118	116.34325134
39.831496796	116.3432504
39.83149648	116.34324945
39.831496169	116.34324849
39.831495862	116.34324753
39.831495562	116.34324654
39.831495276	116.34324553
39.831495005	116.34324451
39.831494751	116.3432435
39.831494523	116.3432425
39.831494304	116.34324148
39.831494087	116.34324046
39.831493882	116.34323943
39.83149369	116.34323841
39.831493498	116.34323739
39.831493305	116.34323636
39.831493119	116.34323531
39.831492936	116.34323426
39.831492755	116.34323321
39.831492577	116.34323217
39.831492477	116.34323104
39.831492324	116.34322997
39.831492173	116.34322888
39.83149203	116.34322781
39.831491895	116.34322674
39.831491763	116.34322567
39.83149163	116.34322459
39.831491497	116.3432235
39.831491368	116.34322243
39.831491244	116.34322135
39.831491128	116.34322025
39.831491024	116.34321913
39.831490934	116.34321804
39.831490849	116.34321696
39.831490769	116.34321587
39.831490695	116.34321475
39.831490625	116.34321362
39.831490558	116.34321253
39.831490494	116.34321146
39.831490427	116.34321036
39.831490239	116.34320942
39.831490173	116.34320832
39.831490133	116.34320731
39.831490096	116.34320633
39.831490075	116.34320531
39.831490073	116.34320424
39.831490071	116.34320317
39.831490053	116.34320214
39.831490026	116.34320116
39.831490001	116.34320017
39.831489972	116.34319914
39.831489942	116.34319811
39.831489923	116.34319714
39.831489909	116.34319618
39.83148989	116.34319521
39.831489867	116.34319423
39.831489816	116.34319329
39.831489788	116.34319236
39.831489801	116.34319135
39.831489834	116.34319041
39.831489901	116.34318949
39.831489958	116.34318864
39.831490014	116.34318773
39.831490047	116.34318679
39.831490063	116.34318587
39.831490068	116.34318502
39.831490067	116.34318418
39.831490073	116.3431833
39.831490091	116.34318237
39.831490125	116.34318148
39.831490168	116.34318064
39.831490203	116.34317982
39.831490226	116.34317898
39.831490238	116.34317812
39.831490238	116.34317727
39.831490229	116.34317646
39.831490226	116.34317566
39.83149024	116.34317486
39.831490262	116.34317405
39.831490291	116.34317325
39.831490472	116.3431724
39.831490508	116.34317164
39.831490539	116.34317087
39.831490569	116.34317009
39.831490596	116.34316929
39.831490616	116.3431685
39.831490626	116.34316771
39.831490637	116.34316695
39.831490645	116.34316622
39.831490652	116.34316548
39.831490667	116.34316474
39.831490686	116.34316399
39.831490704	116.34316325
39.831490719	116.34316254
39.831490729	116.34316183
39.831490735	116.34316112
39.831490736	116.3431604
39.831490737	116.34315969
39.831490737	116.343159
39.831490738	116.34315833
39.831490818	116.34315768
39.831490828	116.343157
39.831490843	116.34315634
39.831490859	116.34315569
39.831490874	116.34315505
39.831490886	116.3431544
39.831490893	116.34315375
39.831490896	116.34315312
39.831490895	116.3431525
39.83149089	116.34315189
39.831490883	116.34315127
39.831490876	116.34315064
39.831490874	116.34315
39.831490876	116.34314938
39.831490881	116.34314878
39.83149089	116.34314818
39.831490898	116.34314756
39.831490899	116.34314693
39.831490894	116.34314632
39.831490884	116.34314573
39.831490891	116.34314524
39.831490878	116.34314465
39.831490868	116.34314406
39.831490865	116.34314349
39.831490866	116.34314292
39.831490869	116.34314235
39.83149087	116.34314177
39.831490867	116.34314118
39.831490862	116.34314058
39.831490858	116.34313997
39.831490855	116.34313935
39.831490851	116.34313872
39.831490845	116.34313807
39.831490836	116.34313741
39.831490827	116.34313673
39.831490815	116.34313605
39.831490801	116.34313536
39.831490786	116.34313466
39.831490771	116.34313396
39.831490759	116.34313324
39.831490528	116.34313268
39.831490514	116.34313197
39.831490503	116.34313125
39.831490485	116.34313051
39.831490459	116.34312975
39.831490419	116.34312899
39.83149037	116.34312822
39.831490316	116.34312745
39.831490261	116.34312667
39.831490207	116.34312587
39.831490147	116.34312504
39.831490088	116.3431242
39.831490043	116.34312337
39.831490016	116.34312258
39.831489996	116.34312178
39.83148998	116.34312095
39.831489973	116.34312009
39.831489966	116.34311922
39.831489954	116.34311838
39.831489938	116.34311755
39.831489919	116.34311672
39.831489968	116.34311579
39.831489918	116.34311492
39.831489865	116.34311407
39.831489813	116.34311324
39.831489757	116.34311242
39.831489699	116.34311159
39.831489643	116.34311075
39.831489588	116.34310993
39.831489524	116.34310914
39.83148945	116.34310838
39.831489358	116.34310763
39.831489263	116.34310684
39.831489191	116.34310602
39.831489142	116.34310522
39.83148912	116.34310447
39.831489123	116.34310375
39.831489134	116.343103
39.831489144	116.3431022
39.831489137	116.34310141
39.831489137	116.34310087
39.831489112	116.34310019
39.831489052	116.34309948
39.831488969	116.34309876
39.831488879	116.34309802
39.831488789	116.34309732
39.8314887	116.34309664
39.831488631	116.34309596
39.831488588	116.34309526
39.831488558	116.34309456
39.831488523	116.34309388
39.83148848	116.34309321
39.831488423	116.34309254
39.831488348	116.34309187
39.831488257	116.34309123
39.831488166	116.3430906
39.831488086	116.34308998
